0,1,2,3,4,5,6,7,8,9,10,11,12,13,14,15,16,17,18,19,20,21,22,23,24,25,26,27,28,29,30,31,32,33,34,35,36,37,38,39,40,41,42,43,44,45,46,47,48,49,50,51,52,53,54,55,56,57,58,59,60,61,62,63,64,65,66,67,68,69,70,71,72,73,74,75,76,77,78,79,80,81,82,83,84,85,86,87,88,89,90,91,92,93,94,95,96,97,98,99,100,101,102,103,104,105,106,107,108,109,110,111,112,113,114
46.53138,115.525475,-31.203228,-9.388515,21.790564,-41.147923,40.09252,41.85495,161.38188,35.928734,57.513756,-101.05483,42.168343,81.33339,-25.02795,-35.764755,48.583004,20.259607,116.567856,23.6063,69.71738,46.09445,-10.037439,141.77954,168.67262,18.008389,57.957584,42.13947,37.683586,31.575705,-30.179203,16.380363,105.87457,2.1771088,64.74385,40.55022,116.67302,104.70866,108.09193,15.267735,0.23422241,51.32875,13.9389305,-29.68214,0.8644428,-23.085186,-63.20375,-30.00441,-28.305271,-38.590958,123.92094,-39.02552,78.36547,16.343285,94.82792,47.441124,82.946976,2.5636292,5.8021383,21.8985,82.11347,-27.816898,-30.892834,90.355225,85.46033,28.157124,-41.341644,-69.7034,128.46234,-34.464157,81.84857,13.858263,59.938694,-7.7574024,-79.22331,-135.78993,-41.878456,31.68188,30.553463,113.45,-10.962112,14.090512,91.89348,40.700233,-97.61562,40.353065,-2.4577847,-28.314804,-70.359344,-5.125202,101.53733,129.37692,-5.292471,87.05532,-137.95207,16.630861,66.842545,-75.40212,-32.241737,19.204605,59.605286,5.8694973,-0.92983246,-112.08571,121.702896,150.82979,99.7814,134.55428,8.19843,-18.540108,174.3081,51.169155,145.8721,-79.843376,3.7891064
26.23583,121.23326,-18.121292,-2.9181232,8.840737,-57.201973,35.255306,104.10519,221.74947,61.406754,8.000026,-112.50113,42.52956,45.847286,-78.14683,-4.47657,125.854294,44.594433,93.610176,55.847546,37.60903,24.3652,12.934687,150.04272,116.67267,-11.863651,28.490822,40.80127,37.1708,16.425104,-18.19852,-24.591583,108.48928,-34.182594,30.875013,39.47515,133.67612,95.46343,72.85408,-1.5077705,-49.85826,92.59416,20.273829,-8.100628,-43.60257,42.34562,-39.420925,-43.21699,-34.525497,2.3171844,96.581825,-30.971588,56.11448,-18.878906,96.52564,38.173477,145.09549,53.825565,27.964926,10.19976,61.682022,-2.1354733,-53.24443,122.25601,80.67963,67.27913,-27.168465,-48.902878,104.33058,-41.272224,33.305195,48.62381,59.889126,41.01538,-42.031754,-91.87774,-31.535934,-14.975395,35.940826,82.93823,-3.8808994,-0.23925781,46.435913,27.003914,-83.979355,77.31161,24.997875,-3.9364033,-43.072433,6.066106,50.75598,144.32861,10.634699,98.7851,-176.72252,4.301832,106.89578,-67.291756,-63.973488,21.56055,78.64296,-27.01397,-2.837925,-109.99881,125.14345,141.73376,84.59926,110.34926,25.13462,-34.46669,236.97298,66.611465,131.16264,-94.734,-5.294546
92.0,145.96762,42.521805,-19.482986,23.0,-115.096954,55.202423,130.19296,225.42134,97.0,143.36334,-71.54178,-6.4775257,13.4092865,-132.50604,44.205376,-8.162394,28.340147,68.624756,-35.508274,20.173838,99.10226,-112.35271,97.8074,110.0,52.0,72.0,-1.8139858,21.917109,-37.72109,-34.686123,-63.2268,87.309685,128.42792,63.530117,79.16984,192.84813,81.27959,73.758835,49.785988,2.0740547,77.19083,43.57318,27.859697,-14.488663,21.561138,8.060475,24.354944,-114.36934,57.30322,22.077465,-20.047894,4.4686375,12.224769,137.33426,65.77223,144.35329,39.63527,83.30661,28.745428,102.46852,91.42522,-2.4782162,104.305725,63.574524,199.57347,25.191975,7.137994,91.58648,-59.423965,137.81046,59.255363,118.454056,74.419495,-85.88826,-100.78324,-107.9066,-78.41956,57.7933,96.3219,60.802826,103.626564,52.83813,1.0884762,16.594217,93.450226,-21.679989,-65.01007,-142.73862,94.22939,10.883059,114.98272,-92.41759,91.071396,-277.75415,-22.347359,149.1221,-47.588547,-42.99903,50.984623,60.438007,-78.43518,99.05092,-78.22189,141.34933,110.95691,128.36053,243.47382,72.55947,-91.290924,297.93707,52.029648,145.43153,-116.37091,-31.098564
23.786398,89.0016,-16.740982,24.228254,14.202311,-30.642418,59.49258,47.581795,269.25858,88.9594,22.95224,-81.00472,33.95256,48.059433,-121.32701,4.0487366,132.86761,-6.523155,99.1523,3.4845848,38.786095,82.350235,-40.44594,116.54622,111.44264,1.474535,32.875343,41.992157,57.966595,13.454351,-10.981251,-32.20162,117.25276,-32.2235,52.17439,-7.5046444,128.46794,112.13194,61.07413,-12.70425,-65.19041,145.17194,-21.436604,43.1409,-3.738634,31.331738,-1.2164097,-41.21287,-68.49783,46.579803,85.69719,12.145884,-1.6107368,6.7225056,186.18338,29.596851,181.14273,46.184494,83.25812,-15.376011,34.68743,-11.719536,-93.3027,107.51178,68.8062,41.040672,-22.397602,-67.39404,70.721924,-27.379059,71.09014,44.870003,55.51251,10.379433,-3.6296997,-47.103172,-48.9542,-40.03485,88.951935,86.75027,36.51384,-22.135563,8.040702,0.23965836,-99.491875,109.173096,-10.514362,-36.460674,-13.967918,-16.294113,84.04829,148.14868,46.813423,92.47627,-152.1091,0.32837868,96.75842,-21.864136,-91.11037,-23.433743,58.210785,-58.325584,39.280884,-73.60673,108.7713,148.80547,117.82086,65.49881,5.822591,-49.797943,223.99179,73.31889,173.20087,-66.44047,-2.6160965
40.10484,98.59659,-19.121887,17.196932,9.657857,-56.829193,43.482655,83.45163,299.83795,72.31401,26.527906,-83.09429,20.62527,16.697344,-93.42694,4.455263,113.94659,-7.3469753,134.88258,26.711323,24.746143,93.54795,-34.91098,138.91324,144.98322,-14.009029,27.32727,80.596985,66.90904,10.0646515,-15.602695,-56.42166,111.434,-21.66595,68.31827,0.6101322,119.53233,97.51711,90.835625,-8.099878,-61.858253,145.02084,-11.462046,25.907627,-33.557747,77.212906,-7.8245754,-41.676292,-76.88792,38.751205,146.42667,-18.62819,25.667316,-14.665661,201.79956,35.071407,149.07866,52.26648,-1.4439697,-4.543253,71.62789,1.7888527,-97.83458,86.47746,108.0041,39.32781,13.456294,-53.905907,48.200096,-44.587494,20.509497,71.56531,74.83507,85.89568,47.575264,-45.72151,-81.918686,-17.509918,67.028,75.661064,-20.460526,-16.793007,22.124739,-9.791647,-88.14635,90.07158,25.189676,-44.543335,-48.91591,-6.60186,58.076553,140.48228,27.188534,61.264458,-131.77354,-18.668674,94.80581,-32.83404,-83.34436,31.127329,62.96936,-53.481644,63.52683,-80.48498,99.69322,160.75111,131.31943,66.33295,4.7712917,-51.098694,254.53177,94.48228,153.34569,-135.19316,-0.22919464
13.253408,101.99878,12.38877,1.344202,12.890215,-55.51265,21.931679,74.36473,296.67804,68.48889,5.1908216,-125.9693,28.341064,8.279594,-140.36293,18.011986,100.12282,-0.6653328,91.96378,39.276955,38.033382,65.03806,-67.50983,168.21991,102.05431,1.1062393,35.815105,57.457558,75.81783,27.528893,7.4215946,-20.824535,111.56594,-21.619118,59.91776,39.699165,99.19492,81.74657,75.70311,-44.685158,-86.21987,131.82658,-35.38465,1.1455708,-31.625591,49.86419,-22.663307,-28.912262,-87.35343,-5.74786,68.00345,-36.69047,42.550426,-25.897114,166.28987,61.604836,176.67674,45.65351,39.30503,-12.537598,16.717213,-54.835205,-70.85234,86.29322,55.114704,35.31754,0.53248596,-30.839203,179.10605,-2.3479805,-32.17456,2.282547,81.753654,58.509167,4.6096573,-45.207253,-34.8087,-24.443851,67.1508,90.32758,19.89258,-14.738655,43.085194,14.124467,-105.43444,60.027317,-0.7076435,-54.167664,18.000595,24.659039,54.281796,134.4013,44.686897,95.13817,-161.83078,1.7217445,105.42377,-46.816666,-97.28497,-12.937874,90.92239,-54.70475,-11.4483795,-83.62934,80.006134,133.19818,75.4252,33.29213,3.002428,-9.0057125,256.6659,111.22957,143.9843,-72.72805,-10.478905
91.0,116.21678,37.91873,-12.246162,17.0,-120.28906,-25.944069,114.19167,193.96504,95.0,149.73567,-115.63832,-3.6454315,9.492037,-95.69684,63.269745,-19.392918,-14.471603,75.82564,3.695692,28.767319,95.73249,-77.66942,42.94053,95.0,44.0,63.0,32.274315,57.27044,-30.474136,-58.12993,-105.23104,108.8439,103.59766,66.22373,30.473505,163.77078,113.80872,55.914917,7.7022877,8.885729,78.53247,-27.007942,-1.7985363,14.02235,-28.481121,31.038094,25.394186,-99.4662,7.6355934,-4.366596,-47.514458,-37.12018,-6.508133,198.2099,56.604702,117.70464,16.177666,90.46856,-19.25116,78.33153,121.10507,-49.721718,106.61697,34.995686,119.58978,57.630363,15.721203,119.17751,-28.864788,58.055305,24.179873,118.99352,58.63031,-132.50021,-104.92923,-111.14244,-95.60805,99.12524,64.104416,100.905205,104.31056,65.06012,43.340954,17.919872,90.333725,-7.8050804,-77.06684,-128.25383,103.64186,-10.683281,156.71758,-73.10989,121.61787,-266.60724,31.316113,146.12051,-100.4061,-90.59575,-8.734592,54.15222,-79.56635,94.346,-50.26317,118.56421,104.34704,101.05721,205.96428,17.741537,-36.47166,302.61603,51.825638,155.5912,-62.85235,-26.952179
35.76542,75.56093,-16.31411,33.743782,12.194427,-64.19508,40.74655,37.21181,235.39493,80.66057,-1.8522854,-92.91391,45.111427,-0.7291336,-83.43521,25.774036,83.635544,30.233414,92.645424,59.555794,18.48645,53.58162,-57.991783,118.48139,115.97328,-1.4383984,15.887419,51.452103,46.106003,1.2726383,-2.5332375,-6.6913757,126.234886,-32.917313,48.12133,18.070957,120.89945,92.582535,65.50091,-15.607815,-98.98894,134.73955,-41.547405,30.004116,-19.122849,65.417465,-17.955322,-39.36142,-57.929787,33.79136,66.34308,-27.90614,8.709727,5.3565474,190.43936,25.788696,178.37505,64.460144,50.030163,-30.000523,49.038315,-28.304081,-65.20379,57.527485,38.94507,42.217384,16.254936,-89.89351,81.25624,-7.3275566,26.179926,15.556425,73.18022,19.859695,-5.5762825,-20.615223,-73.13392,-23.129856,83.56476,76.41942,8.050162,-19.47815,-15.379791,-19.050156,-106.54403,72.63405,-14.760132,-32.646736,-42.672832,10.049023,70.65839,135.50745,11.528141,84.75147,-165.57805,20.1642,108.7532,-4.106901,-47.92388,24.895155,81.92237,-30.990139,64.78351,-79.98193,90.56669,149.98262,145.86444,58.56879,8.60482,-48.646866,243.05467,100.12649,142.83679,-79.43973,-9.1067295
31.802656,55.489372,-34.054916,22.576221,18.775925,-38.06255,42.27288,36.355743,265.67267,64.84117,6.315259,-63.326942,47.428135,0.67145157,-64.22402,-9.078138,105.59975,-5.8948174,100.71665,47.20162,-9.268543,53.389503,-47.23841,118.03695,116.4787,-1.5754089,27.831625,85.86112,49.152695,29.570217,-9.934437,-22.03904,121.964966,-18.58561,74.81485,-4.1864204,130.33093,94.24882,70.62071,4.5795956,-55.352715,141.5054,-10.828533,40.86241,6.991193,96.4317,-10.923876,-32.91811,-88.622536,-15.01556,114.66935,-1.7178955,26.87449,-24.906563,181.9052,39.041534,126.6928,34.82626,40.236916,-0.8777542,92.50548,-18.492744,-56.711525,76.54279,56.949646,-5.159622,-11.002953,-39.821312,52.177917,-46.974266,27.84704,33.916206,73.27528,66.02011,-32.00478,-61.91925,-63.77301,-14.127956,104.61617,115.51493,-28.527042,-19.193657,-8.36095,-21.220615,-83.87747,73.90438,12.075914,-47.625618,-17.6441,-6.2438984,59.24858,161.08923,49.139187,55.835407,-140.91066,-13.751255,99.67037,-33.187218,-99.74734,18.281021,71.95111,-58.764122,54.514526,-73.045906,69.425896,125.24521,114.66196,84.288734,3.7548294,-7.1499557,228.85315,86.64141,163.0654,-121.535126,0.3646927
18.625021,95.30182,-18.170849,-5.851866,26.855316,-33.682266,41.55819,111.779144,256.22827,81.50784,4.289097,-109.5255,36.273308,-22.95758,-101.23784,11.929917,107.14461,14.756852,102.19152,42.19443,37.779633,57.474476,-45.689034,132.19073,134.12097,17.458014,25.33974,72.35094,75.644455,5.3220673,13.316448,-11.308023,117.92628,-22.522758,38.99595,44.859776,135.59407,70.01453,89.47097,-9.188679,-96.03917,150.65677,-11.1666355,-9.49929,5.813363,40.826416,-31.666267,-15.29002,-79.53445,-3.6849785,99.255226,-29.9174,56.239056,22.653568,191.53279,62.555668,165.71579,81.33287,2.8978386,-18.364262,86.57319,-53.47406,-75.19403,101.30893,80.53779,21.801191,7.0984364,-56.599625,110.45864,-38.19528,39.696346,29.004358,59.76103,78.78848,20.979572,-80.95319,-47.442627,2.6994228,72.366936,111.87737,-2.0885963,1.1158695,32.595726,22.91917,-114.732376,60.3806,32.35196,-37.462856,-38.1698,-31.435467,61.20526,124.49063,55.328075,70.48486,-143.08589,-24.492607,117.32183,-35.30341,-60.194183,4.600071,84.87693,-52.47471,0.122112274,-94.042,77.00308,136.83264,92.069695,32.08841,-8.870356,-53.272224,267.53497,98.373886,183.04929,-100.64268,-23.453667
91.0,121.66392,61.894794,17.314741,15.0,-99.99384,19.330347,124.450096,200.35823,95.0,119.72764,-115.32286,14.483424,-4.521139,-142.91559,64.44588,-32.512543,-11.224279,70.757774,13.779391,34.069664,97.19045,-133.23265,68.05446,103.0,51.0,70.0,21.73049,77.386604,-32.10517,-18.190262,-98.389534,79.11453,115.998375,44.04594,45.81378,160.46107,97.47696,60.537502,-17.06171,-2.8607616,77.4846,-9.489872,53.960213,-5.4472637,-37.24887,-3.409361,29.22822,-135.87897,40.09527,-21.584892,-21.252926,-30.44561,14.975748,178.04913,97.72722,145.85999,9.551383,86.45428,2.9015446,47.7548,78.663025,-55.0772,84.23599,49.91382,116.08564,50.78334,33.531353,157.4882,-18.445713,117.09309,45.782814,125.11995,28.172695,-80.17602,-107.74315,-82.884254,-81.46643,116.94208,89.70106,103.708435,118.78086,18.630653,45.30783,22.884512,142.3266,-39.97598,-62.57026,-147.16168,99.764,-12.7219925,134.85081,-42.37875,106.51411,-264.88086,23.343323,149.98502,-87.85891,-35.640556,-20.961937,74.55852,-92.58366,88.790726,-95.888145,133.62566,68.65526,88.569084,187.58961,-0.9107399,-24.690395,314.9898,66.83537,142.83255,-86.02051,-43.32088
22.700811,73.48411,-19.13517,27.341282,26.664606,-46.58229,6.3619184,70.0035,245.49533,90.77624,36.43202,-103.49186,43.924744,79.25521,-89.89529,-2.7282772,102.04805,-5.8881016,122.03247,76.853645,51.441414,57.518898,-52.881973,114.39285,109.8346,18.459108,28.807266,33.327644,93.08139,23.351967,5.3161926,-16.17944,126.19041,6.9414053,56.440754,-14.82774,131.93323,109.46534,68.34825,-55.91565,-66.25689,147.4574,-34.422348,37.757874,3.014143,12.436545,-50.221596,-53.145676,-83.63029,16.734888,68.01362,-21.752365,15.7623825,13.1234,227.17598,65.38342,166.97926,50.628304,87.847916,-6.473995,24.53304,-26.210503,-98.50465,87.14432,63.503,44.04323,14.520718,-68.58846,94.0939,-8.64365,57.08525,23.819134,78.32074,46.31591,-44.59265,-61.1735,-67.18797,-46.169724,84.76098,82.00409,28.21796,-20.27618,-2.0124016,47.970123,-79.994644,85.81644,5.8344707,-50.265366,-31.072292,1.2803307,105.66893,143.50266,63.482445,74.935425,-172.90858,30.229084,129.46881,-26.263046,-76.28123,-19.853806,115.4499,-52.147926,-1.7435074,-86.28018,99.143845,106.46752,126.101776,91.401245,13.685456,-7.288389,250.87982,102.82247,189.2712,-47.935677,9.622709
49.293297,99.87663,-22.396797,-9.655008,15.784199,-73.59565,11.466329,10.293995,53.6,82.73947,5.135725,-78.40671,74.61076,-14.184601,-79.23607,-0.7129307,119.32323,-3.7473526,108.186035,99.97273,40.721,80.08306,-53.48503,85.25532,138.34181,25.227268,30.323376,56.80786,72.53575,27.102032,-34.013523,-22.777962,149.37766,-12.798119,68.7009,22.463844,156.77467,114.89988,58.028435,-43.224854,-59.82325,150.79942,-14.68058,16.585943,0.6441364,3.934883,-38.104324,-45.44391,-80.052605,-12.92358,90.1248,-18.730526,49.71884,-2.0114384,172.22641,55.35762,128.95041,38.224873,45.15467,-34.79902,54.26259,-30.342545,-38.80873,90.39047,77.86296,2.248293,19.200748,-80.795494,95.362305,-24.313992,2.9950676,10.173854,68.808044,40.883556,-4.221092,-85.11584,-46.07821,-2.0704765,69.35156,84.49556,12.510702,-49.259247,22.187584,10.53202,-104.93983,72.27912,17.433765,-37.53506,-22.170685,-8.974836,78.42409,150.98878,44.8375,40.84474,-125.909424,22.162678,131.41043,-16.748272,-101.42619,-15.22258,66.17885,-53.38655,-27.17955,-117.690796,114.473206,125.30298,80.711395,45.03721,3.877552,-28.234257,261.48352,68.199326,171.4873,-74.3887,15.696078
37.352425,67.37313,-29.249489,22.322575,8.796856,-26.669594,22.46125,55.05178,232.15222,90.709274,-20.166649,-90.785706,55.799934,-9.260492,-60.07155,-6.943178,78.74158,17.294619,113.76779,39.96586,30.62931,41.574417,-48.864,103.34162,130.86174,-14.561928,8.282394,31.371698,79.84671,31.079758,-18.547176,-11.733067,97.74449,-11.274706,68.59742,56.19149,99.41926,96.60146,76.217476,-62.344475,-50.35151,138.0781,-34.499287,39.049164,-12.3091545,52.38627,-48.0754,-25.301788,-61.878418,8.381637,104.5639,-22.336327,2.166006,-17.463078,201.24727,44.94979,178.83736,51.018982,53.39167,-5.8585815,28.494778,-12.599583,-63.755623,68.964035,70.77961,16.451736,-3.1510258,-34.732563,116.03669,-22.066566,16.026,12.617546,96.33517,70.86507,11.374019,-63.415848,-65.13572,4.708647,89.31815,62.543365,36.230614,-22.651585,20.500547,5.905347,-92.56892,84.48437,17.637506,-27.305817,-62.020943,-18.410217,79.46922,142.86926,55.238407,81.51782,-146.78473,16.555807,87.51311,-52.359055,-102.21725,-19.752804,58.658257,-38.1765,51.530243,-85.5389,63.534615,128.52106,108.75436,39.33441,-41.293884,-49.735687,243.82457,89.85293,112.43339,-64.23671,6.2411594
89.0,134.58072,44.805527,13.567698,12.0,-108.29076,55.764675,79.7179,208.09515,97.0,104.31918,-71.44078,40.905357,-43.6641,-141.93648,45.35772,39.662277,0.034719467,61.104313,8.381797,-25.48008,101.37168,-70.268585,73.78075,90.0,46.0,62.0,15.931825,39.039845,6.4836273,-49.84897,-96.02793,130.39267,132.50331,62.67644,12.11774,148.87695,101.83937,53.66164,6.2522097,-31.131397,55.411827,-34.752014,72.10723,-3.6986008,-5.561491,-26.758167,8.891181,-89.445145,56.652756,1.3678646,-22.473038,-41.83984,27.42004,174.64264,65.649864,74.02203,10.108052,75.18078,0.79681015,96.17489,61.152245,-46.17221,90.73955,86.87528,152.01448,78.54396,48.688297,139.00613,-37.656506,49.505074,51.470963,121.162346,45.281013,-63.994675,-32.234432,-89.68566,-91.36763,61.55896,125.623604,21.813766,75.03334,59.995274,14.55508,17.025927,76.24902,-38.215015,-37.807762,-103.56817,69.51055,2.0180283,135.77133,-104.710556,83.90593,-249.5417,-12.710873,182.94182,-54.32605,-110.79994,-8.408316,62.66138,-66.69456,52.80045,-45.198853,139.61337,44.782387,137.88538,166.1428,47.34628,-49.653442,262.23834,114.614784,143.09525,-142.29001,15.0
21.196146,67.11458,-33.76049,29.599495,22.361193,-50.202065,43.211586,30.511787,264.87177,80.07559,19.580744,-73.68162,60.303486,17.688267,-139.64444,6.211117,123.48573,5.1466904,113.66538,56.20738,3.7161465,53.63584,-73.068535,88.84018,127.67971,-5.6228504,21.44742,59.33189,73.67293,32.77974,2.5767078,-15.925732,157.88158,-8.2484,65.03287,-0.12867546,119.60889,85.79613,65.74803,12.101148,-59.199883,154.26265,-37.12952,26.613821,7.37877,72.80473,-25.65158,-49.14956,-76.969635,60.629547,89.42947,-10.090477,-20.17146,51.098648,207.4147,44.677032,162.50183,42.003662,64.68295,23.5714,27.746258,-42.714252,-71.88293,67.50288,73.03038,29.270966,-20.466808,-92.29562,86.15118,-60.120407,64.60257,31.683903,57.85582,51.94713,28.11771,-55.141068,-34.007732,3.7317753,101.60957,81.8869,4.8419523,-17.60962,0.033750534,18.048407,-100.626656,80.265915,-12.365768,-70.28612,-50.16024,4.8387804,92.44031,157.34027,21.833649,72.082146,-118.105576,-3.7617702,94.40685,-25.054527,-78.407,-15.94323,93.299545,-36.935303,30.006527,-55.62198,137.45685,117.56882,87.428665,58.895115,-6.587702,-33.344193,244.12132,104.861755,154.59369,-100.10231,-3.8182526
37.67794,106.57556,-0.30758286,27.56075,17.87667,-45.771935,64.12755,48.16026,241.68243,77.90909,47.40616,-109.575455,34.824196,10.552158,-112.17897,5.299879,132.13722,-23.067066,94.47254,41.77776,8.582674,44.836304,-62.300934,151.43132,132.40546,7.993821,31.093925,47.853447,83.70802,14.862778,-6.0410748,-17.406342,94.983116,-37.17884,57.522133,8.988329,114.37975,95.094666,74.37395,-48.472443,-68.38877,176.05048,-42.196095,26.511478,-18.579933,61.25389,-2.975031,-45.211433,-112.71513,34.62179,119.13753,-16.580936,14.352932,-27.567432,179.76004,43.110138,77.88366,39.43349,48.78212,-8.998373,54.979603,-11.84977,-59.20388,79.05588,85.479034,46.1978,1.1128826,-56.451996,102.743744,-11.406887,11.02691,34.196644,110.34427,54.809246,6.3131285,-79.13152,-68.78723,-4.8326874,111.104126,84.77661,4.369728,7.785635,-1.8941231,-7.107622,-83.50641,68.56606,4.5638313,-79.772385,-31.4357,-15.689579,100.46667,168.9297,36.893955,65.510864,-145.94315,-10.697458,92.21618,-11.657101,-94.5256,-14.650654,62.70799,-68.45501,7.5127954,-68.79163,65.403564,113.972855,81.45906,49.95739,-1.4597301,-22.315342,259.19028,126.02833,151.45612,-97.576675,5.616781
16.764786,83.92819,-3.104519,13.273702,21.758013,-49.765404,19.448439,79.218414,267.1575,71.41934,2.1192513,-118.08562,40.28238,19.976274,-133.5328,25.971214,116.53296,4.6114006,95.260284,17.203905,41.321358,11.935018,-48.82695,146.78923,126.33174,14.602018,39.428024,63.093327,74.00488,33.29308,-7.3859463,-22.592659,127.25233,-5.115883,53.614372,66.030334,80.88031,94.73159,92.313095,-54.038513,-85.18192,165.94312,-46.85163,28.620039,-12.752735,54.81974,-30.848839,-34.904987,-95.77607,30.193233,94.23877,-33.49428,17.896128,-14.4629135,185.3718,101.82987,133.25835,45.022514,41.382896,17.720175,15.624634,-58.249924,-78.7467,130.69724,108.94073,51.399445,-13.069378,-62.06868,115.55496,1.8964214,21.324148,12.891483,73.086075,75.4668,19.740528,-87.55941,-0.54903984,-29.65269,79.89898,108.187035,3.0562973,-16.675995,44.813034,48.065323,-51.411896,73.33748,18.975515,-43.08261,-41.556084,-13.142799,82.771454,108.28166,32.720055,47.021595,-145.31555,-10.17561,143.1423,-52.81862,-68.5897,-26.457092,119.73512,-60.393303,-3.3607807,-79.96099,79.02344,152.02632,96.0539,47.620926,-14.094944,-12.254253,229.25134,103.82342,187.09113,-108.84961,-10.484919
95.0,103.0,40.0,61.0,24.0,37.0578,-7.650879,114.20465,188.39153,97.0,118.88254,-78.19386,14.042906,8.473954,-205.19292,59.104473,-42.374187,-18.220451,79.73372,-50.865303,40.581688,121.52057,-167.42337,57.936535,90.0,47.0,62.0,20.15058,83.18771,-2.2929268,-69.032135,-112.98961,93.546486,143.88936,51.464874,28.301258,152.11584,173.63857,96.32871,49.625,65.65955,78.48177,-53.016068,37.11982,31.856318,26.180698,-33.748764,31.463211,-145.89607,56.708782,-10.026077,-51.04113,-83.18209,80.085556,119.2492,75.01459,117.564186,85.963455,81.58693,-33.206966,61.332344,109.82018,-45.042862,82.84515,126.49754,152.70808,41.373955,3.4798565,146.96796,-28.93562,79.40413,37.94684,163.0719,70.039925,-58.3758,-144.16856,-91.71626,-85.77616,70.12476,118.19524,70.8232,143.22897,51.97976,52.411724,65.73678,153.36357,1.91292,-70.94219,-115.71709,104.310776,51.739113,133.32948,-31.129627,102.165504,-224.22464,26.317852,192.7761,-51.5673,-59.835274,-66.263756,56.794453,-90.323265,69.57678,-2.7067852,146.7645,67.58439,38.709747,219.22324,-55.9927,-2.8923187,235.15816,97.20846,160.05553,-119.84514,-22.543137
33.15211,75.687164,-45.980003,33.336334,19.487356,-51.72912,27.470835,61.070114,258.8692,69.80913,-17.368153,-90.34117,55.72587,21.632008,-74.34458,12.807825,113.844734,30.50511,102.311966,70.212555,19.240112,64.263664,-60.39219,111.55054,116.62497,6.0417786,31.190445,34.971878,56.903427,31.85027,4.526561,-64.71406,118.43091,0.7465782,57.714653,33.338066,115.75959,107.257095,68.23328,-28.299831,-89.88598,120.15726,-31.285965,6.9452667,12.076744,55.78587,-15.188786,-53.810234,-94.97782,27.282784,78.24788,-22.198658,15.254612,60.639484,257.44516,66.9653,190.75446,28.1806,65.6847,-35.118736,33.692238,-36.359375,-108.772385,58.671684,30.786488,10.06706,-6.0594234,-51.26387,117.699196,-40.905113,23.404095,16.461948,67.95038,55.26164,8.735936,-49.39823,-86.90733,5.654649,126.45684,51.19626,41.727726,10.464983,0.12084007,12.418026,-85.92287,89.04811,9.23014,-62.457657,-23.316849,1.33321,129.7977,142.453,47.013695,61.606453,-154.50296,38.082573,119.78387,-65.396515,-99.3752,-79.35599,95.242386,-80.73449,30.961418,-87.249886,89.94661,102.47519,122.12262,72.456345,-2.2486649,-4.599762,229.86705,98.72645,151.64351,-85.99462,10.349986
53.9749,125.03604,-3.428442,-4.583605,20.345837,-27.97794,45.6359,71.626,265.37338,93.0,0.15296555,-74.645515,18.790604,-18.751411,-42.944637,-22.521545,129.75705,-1.4372444,7.31,111.642746,15.18502,42.740395,-21.136375,162.87119,117.660385,12.128137,30.364536,73.61322,98.15443,51.36296,1.09,-95.16595,131.2651,6.887472,48.10496,-21.72086,123.95982,126.09315,69.83913,-11.765293,-58.96936,133.33057,-90.090195,12.91342,-20.096008,93.0,-7.0316715,-78.161514,-106.69949,5.711334,89.618675,8.945828,34.064842,20.244904,158.73535,77.97483,143.61719,68.63586,58.197414,-76.4677,86.34639,-23.13557,-111.827194,95.338905,71.175735,20.521168,35.49347,-16.479443,110.58917,-9.347765,1.7755642,-12.987812,118.0,3.9,32.713146,-96.01808,-109.46707,-42.65093,75.00136,102.98475,7.3131866,-51.41188,42.727417,58.03133,-49.154648,49.81888,56.881588,-87.30267,-42.41477,8.016588,72.14513,142.85861,56.097595,67.10212,-95.95777,-21.299961,133.41035,-7.788809,-100.45464,-11.276287,3.9,-66.65665,-13.339813,-92.47759,96.45667,92.87258,142.32825,48.100517,51.363518,-52.78395,221.24924,102.981346,153.51593,-100.34731,-16.549004
24.357712,74.621666,0.42173195,7.584674,25.357212,-38.608875,-6.481182,95.97044,272.39062,95.33945,-0.64515114,-114.17107,37.6671,-21.94403,-111.49161,3.4808502,101.4905,16.214878,108.8229,28.255516,42.476776,20.502588,-73.85903,106.2604,118.37071,10.558109,17.216759,62.738766,61.825195,22.162294,8.820712,-55.840836,105.77222,-14.133331,53.51709,35.14768,139.03255,59.612186,64.85542,-57.98645,-95.675255,141.82571,-65.649185,12.852969,7.34383,44.378677,-35.143684,-3.4826813,-87.583374,-26.75613,108.0697,-23.506603,33.022793,-16.256409,216.7494,88.19002,203.55801,50.069435,68.36407,12.957096,14.09796,-72.260826,-72.59509,91.6877,50.75698,34.910538,-6.3847446,-26.613144,57.432816,-28.963844,42.398354,12.246803,76.33255,75.94181,-19.088947,-88.99059,-44.10372,-5.3877277,81.51663,60.61402,23.325645,-2.532465,19.988283,18.732786,-41.83107,44.744667,-18.499096,-71.18098,-52.401108,5.4135475,53.982033,121.85577,92.74244,65.82912,-135.46947,13.450084,119.80521,-30.566788,-51.32611,-29.882,83.914474,-68.33343,3.9482174,-87.42615,92.678566,123.97578,99.86506,81.293785,20.40559,-57.050064,249.54727,95.027504,166.22354,-107.085915,-19.472511
94.0,105.0,35.0,58.3333,24.0,-130.51091,9.430579,118.18965,218.28807,95.0,96.731705,-149.00374,14.529485,-16.356659,-170.65921,58.831738,-37.12739,-10.130728,96.26758,-24.609375,28.871054,124.65462,-127.24219,48.782146,99.0,49.0,68.0,54.654293,44.32283,-13.966045,-18.463314,-105.17113,45.98914,126.36168,34.998123,37.198746,177.93343,103.76703,95.71572,-0.5493431,30.714039,106.20713,-24.731071,17.970297,12.580751,-8.082594,11.65743,24.204615,-140.7006,-6.407858,0.1620903,-48.319786,-32.029175,24.811287,197.58598,120.53588,118.582825,54.123123,110.37007,-18.634212,70.532135,125.68333,-55.274963,111.39812,81.20873,78.19232,71.110535,25.978632,157.77351,-40.28158,128.64914,20.595318,166.55635,67.046936,-43.88021,-90.44603,-79.04146,-87.10949,87.34128,102.38112,56.270077,147.43216,47.543102,49.60441,48.33418,118.704094,-26.518524,-74.34054,-117.15239,87.13729,21.170473,137.93945,-26.904636,58.782818,-213.86029,35.18196,161.67215,-57.63649,-48.055992,-22.22527,32.69835,-88.07015,109.41263,-96.25509,118.05897,99.34882,62.66864,185.21266,12.918241,-52.832207,277.8601,70.6933,149.89572,-112.42328,-33.643147
41.71334,61.858635,-49.418472,11.1213255,22.51869,21.420975,38.408184,62.647907,211.13847,59.25521,-55.831886,-79.639946,54.922947,36.720665,-63.52117,24.0,-4.0,48.0,7.28,55.521122,113.0,20.458405,-93.55213,124.938736,139.2918,13.533489,42.583282,48.0,75.34616,-4.0,-23.469887,-45.893517,123.325615,31.313007,45.78291,20.648857,133.91823,80.26738,72.2865,-43.532467,-69.652725,133.14095,-13.789104,-7.830288,10.93799,70.802765,-48.923523,-28.33207,-33.774315,-20.027248,75.33197,-27.72564,14.280306,54.754982,185.687,84.12701,184.70476,57.365177,40.820026,-9.516466,9.852722,-5.2227535,-85.784904,98.28198,43.865166,-2.7074165,1.1179409,-48.41835,87.24744,-68.882195,34.38575,-15.691818,86.77677,79.768654,-12.632675,-69.271805,-29.891438,8.657993,59.010998,107.85717,15.105085,-29.232574,44.87553,34.03674,-45.049942,56.546505,-19.940556,-50.66794,-93.26248,-13.910103,77.12349,86.71821,107.01439,43.78228,-140.30116,27.268456,119.42965,-61.10544,-23.402325,-14.603252,130.6999,-19.693844,52.129597,-179.27895,140.95018,128.58104,141.08012,88.40725,10.844649,13.189739,307.9983,122.23742,143.16405,-111.78975,-20.669292
98.0,103.14649,6.6771,-20.649086,25.0,-109.80711,26.398954,129.76654,205.12653,91.0,98.666245,-50.932335,10.136979,-41.814198,-75.217896,40.558918,-4.354439,10.414763,102.88228,-38.47262,15.212065,102.580925,-90.64983,91.88217,87.0,48.0,63.0,33.556602,73.15199,-19.80962,-43.02513,-122.99451,84.317986,156.68158,34.206413,44.226067,211.1943,84.245026,69.60756,-17.163094,-27.418346,51.682312,17.316551,44.516815,4.75883,-51.37699,-5.004017,24.269295,-96.70944,25.709858,-35.595547,-52.449142,-3.5061474,44.424515,225.55882,96.48576,158.90546,19.933174,120.59207,-73.39806,69.926315,128.2923,-10.402334,83.38531,20.764633,104.1381,91.79033,30.410294,155.86145,-41.113316,130.13702,-10.262367,136.35315,48.81022,-86.984604,-70.44494,-90.385345,-90.85324,86.94501,126.190445,85.98506,70.255005,63.21644,56.70499,30.222095,69.390915,-43.9646,-33.326256,-139.97316,122.069824,-35.832664,90.84273,-27.211365,112.67316,-272.73047,-26.67134,166.63661,-126.509476,-44.955673,-13.855995,106.56649,-24.269035,80.368385,-124.59285,170.37692,91.04711,159.15929,153.06584,36.694298,-42.389324,332.12665,75.91486,112.74661,-53.38317,-38.282486
110.0,88.544334,51.294342,-31.45797,25.0,-67.929924,30.390175,118.06855,198.89076,99.0,49.499775,-85.69918,56.06744,35.356625,-162.96396,84.95952,-11.162697,28.423409,99.22729,-39.927776,5.9445047,127.88191,-137.8588,60.78347,112.0,63.0,83.0,41.152275,87.27253,-44.76204,-21.44329,-130.8115,128.93243,147.25371,42.010284,84.551186,190.4015,65.45768,33.532185,-44.29389,-53.44095,86.88306,22.136381,41.446785,7.7796135,9.460655,35.848373,-11.983089,-114.77789,79.75142,-40.797413,-50.832954,-51.84178,47.040092,306.18048,36.10898,220.73938,15.209805,135.63654,-5.8841076,9.029679,114.544975,-87.972565,71.046616,-0.41361618,147.26537,56.50846,-2.2383022,113.317406,-55.15979,155.92203,-16.771183,142.24014,35.104893,-49.577324,-25.115765,-103.415565,-78.252106,125.41678,51.948273,119.55379,124.32524,32.20085,31.343147,-9.571592,94.96212,-93.261856,-69.84726,-129.71133,140.40225,-47.19255,166.81828,5.408189,133.12115,-270.25232,-42.696712,154.1686,-84.37996,-14.505489,31.628635,78.29428,-12.317169,66.24623,-143.4671,177.40813,74.60832,186.80684,156.5591,51.83667,-32.227615,329.49097,124.17876,125.347404,-124.98476,-58.257454
94.0,89.0,38.0,55.0,10.0,-104.81138,-48.626373,44.42021,168.3538,98.0,20.439114,-98.0735,16.0,-11.191586,-137.09692,123.89469,-12.312927,-14.537926,80.48026,43.73169,22.856974,97.940674,-98.28978,0.69038963,106.0,58.0,76.0,89.046295,6.1451683,-22.760086,13.861623,-79.04728,112.27366,55.832424,5.0,19.282625,0.0,32.0,11.2,-57.57572,-26.304874,96.50263,-101.29776,-4.386509,29.0,-19.03508,-50.723465,40.951687,-104.95879,66.90851,-35.877766,-66.043785,-91.788414,14.208145,297.437,-3.5384007,214.70848,42.211025,127.70095,-23.736332,12.942398,114.39161,-131.31776,73.85397,15.11576,59.1759,86.82982,-34.944004,127.89508,1.6883945,147.28943,-31.247066,139.18977,13.144915,-103.1632,-74.517166,-97.42872,-112.58412,170.29158,49.56716,199.14035,144.04214,-21.057068,58.66159,-21.10471,185.47789,-129.51791,-66.33082,-71.40602,150.79675,-67.447464,166.07953,28.276653,127.45508,-232.68321,-70.22123,117.29836,-125.14038,-86.76249,66.32808,44.94622,52.223198,27.87951,-107.47472,145.28027,26.694445,82.84151,169.31415,28.03331,-29.868244,334.94537,89.23172,83.11594,-9.500177,-32.60189
37.39826,56.556705,-14.021591,-21.16454,12.024876,-6.0293407,48.460598,31.969973,228.78049,71.86771,-58.00245,-54.523384,71.99816,-22.849957,-98.56669,31.834785,110.74216,28.872307,120.680214,95.685295,16.35802,79.46875,-40.7898,126.61877,92.604,-16.96003,41.346355,46.09233,85.04677,13.023605,-2.273264,-88.83808,104.65705,19.825369,29.162148,16.32918,132.90237,103.55679,71.47702,-38.20507,-109.51715,127.63125,-71.919655,19.276821,-13.619053,63.365604,-38.27208,-66.962585,-79.40191,55.125744,56.26906,-12.414265,54.675735,26.852798,196.06097,55.16026,178.6801,93.30426,37.894024,-46.62877,18.605991,-60.551605,-109.33539,21.73112,23.33851,33.22819,-12.811558,-88.643875,113.21793,-25.405827,15.946087,21.201576,123.20724,88.67319,15.923002,-3.2013397,-58.79886,-40.292915,69.5834,75.487686,47.440216,-39.027733,-27.80228,-33.13637,-95.95542,120.388565,14.7354145,-44.261642,-13.566223,20.711481,-1.4341526,60.781345,76.05492,108.50084,-159.51534,-20.446548,143.68082,-45.09915,-88.367165,12.77844,118.41335,9.406479,12.613066,-79.8574,131.47096,122.778435,143.93115,52.935024,2.5157928,-7.3800316,240.19638,136.07375,155.02034,-96.079926,-5.7174892
87.0,124.0,48.0,73.3333,13.0,-153.23892,19.215786,78.02208,231.64555,98.0,38.12904,-145.89285,37.121197,-64.485565,-187.01566,91.475876,-22.29914,-0.8815689,46.97155,13.677542,-40.14038,104.23704,-111.25885,59.980583,84.0,49.0,63.0,74.92734,45.856525,-28.23476,-28.469948,-71.95666,61.440426,139.88982,15.155944,40.097534,218.92415,91.39162,64.804665,-7.26737,-51.672493,115.9071,-127.398926,34.12084,38.416492,-28.99786,0.7751045,7.1552286,-150.26077,10.282026,-19.716915,-27.60608,-24.09602,38.79199,157.11661,63.821033,170.94978,56.663937,90.94287,-65.37313,48.56833,50.375603,-134.57033,55.8102,27.484926,91.82688,35.40044,34.925346,182.85745,5.5081034,85.38521,66.69584,133.48747,95.77572,-35.31901,-44.635178,-94.682724,-85.255104,102.05104,126.91073,15.165934,120.67658,3.804182,40.147102,0.79398346,87.37878,-38.202133,-58.467155,-106.44448,147.68971,-30.196423,127.65809,-34.21897,101.64198,-150.07608,-35.221222,152.21188,-31.888134,-22.234745,40.073456,81.34912,-65.41386,17.740084,-60.184654,58.611004,77.738075,69.27617,157.93732,-1.8908138,11.813995,296.07318,122.269585,132.96155,-106.53855,-36.610268
85.5,55.27944,28.451641,5.8810043,16.0,-108.80965,-0.40065575,96.21425,191.10352,97.5,75.766846,-108.09912,39.44474,42.4032,-164.69511,61.971718,-10.80571,3.2669144,95.44698,-11.667355,-6.2972755,99.904366,-140.514,78.42524,78.0,41.0,54.0,29.422842,74.47972,-2.6970482,4.341135,-112.30737,64.91617,190.66452,41.53716,7.666032,159.34914,106.77431,95.77556,5.3065834,-18.504791,53.51428,-37.55139,36.906166,17.12622,-6.4107113,1.6263199,-6.28286,-110.4429,30.319477,-91.47514,-52.82448,19.7319,65.15606,177.8584,79.83157,133.95032,88.21411,119.584404,-51.141945,59.79325,80.06964,-74.421104,110.40615,35.320892,117.46379,60.739788,49.31741,235.32103,-3.048912,47.98651,22.120108,156.46944,103.41902,-73.13689,-92.673805,-107.93939,-108.10449,62.278767,149.18155,55.06281,120.6974,27.785105,70.71571,11.3593025,99.38459,-53.30065,-105.81577,-77.148865,99.707596,-12.442551,102.48419,-59.50657,84.084854,-225.89157,-1.2352638,190.38072,-88.301796,-36.660164,-3.3209705,124.36212,-49.87986,51.856396,-85.09903,132.59862,39.41137,155.96274,234.39124,68.68324,-32.406597,333.00745,116.244545,142.5254,-82.02739,-15.619652
86.5,76.37283,22.428616,-13.874977,14.0,37.4422,-20.362247,63.428017,241.54543,97.0,67.77991,-68.21572,55.29706,9.861616,-144.97739,61.662193,4.7561703,24.736748,40.230236,-21.357094,-4.6920605,88.97536,-104.95149,76.502426,93.5,49.5,66.0,14.92872,48.335464,-49.87348,-30.692799,-126.854065,104.828224,166.46458,29.453476,66.05709,148.39105,140.36676,71.57594,24.313398,-47.564262,44.072258,-25.246502,78.17795,14.216705,-0.76348495,-60.9458,-4.1206703,-90.9665,58.94486,-70.61004,-44.688408,-0.72802925,86.52546,155.07341,70.70738,131.68102,64.328354,108.51599,-49.554436,22.005283,63.860355,-102.66364,117.35104,52.65367,157.41315,39.340813,32.701973,164.21411,-22.958744,109.70724,21.527225,134.31427,58.651836,-94.242516,-63.66358,-80.73015,-113.01405,82.23103,82.06734,84.73356,97.29286,2.4720001,53.98442,45.332863,119.69617,-52.54429,-101.25292,-130.34978,105.39727,-5.7195015,97.789566,-12.196529,125.79312,-249.40343,39.789204,194.48611,-80.501595,-63.562042,14.313921,114.166756,-53.339478,45.246826,-34.804752,164.74344,51.28466,166.32524,202.69347,33.66887,-31.614834,340.76434,115.132065,177.10893,-95.30613,11.0
84.0,65.022934,22.43008,-15.962902,15.0,-63.345634,43.10337,69.72702,230.65363,100.0,22.316208,-95.02855,51.857765,44.93046,-173.95306,32.605522,-42.07025,-13.14286,111.88967,38.65714,0.07270241,71.81436,-96.6177,56.943333,91.0,46.0,62.0,31.689487,119.96578,-23.917492,-0.16991234,-137.51547,71.46062,131.65384,64.7546,37.593773,157.72818,132.4971,47.561325,-61.272507,-42.15742,89.307495,-42.049,57.01598,-20.048603,0.501667,-46.835175,-21.271637,-147.1063,90.11157,-44.112503,-41.511616,-9.548813,62.7184,227.90091,25.12286,165.54391,50.686337,117.029205,-13.518112,16.39751,57.738968,-102.86538,68.90821,29.296509,95.87911,54.088173,-58.489197,151.88766,12.872687,108.80879,-1.7317467,145.81699,56.61409,-22.761448,-65.44936,-60.951195,-66.5843,96.066864,101.39981,118.46894,107.32169,-18.846764,38.514175,4.5711613,89.96498,-60.044586,-109.21385,-52.14325,85.88715,-8.107777,139.80127,6.929615,111.59487,-197.95377,5.1632833,181.5852,-77.71686,-12.003029,1.5358639,104.62759,-53.238297,39.651894,-63.029785,133.50458,49.872326,149.74759,104.82061,39.022606,-2.9047012,302.64124,161.89017,144.5241,-81.83524,-23.68626
82.0,118.495285,12.359838,-34.474625,12.0,-21.794365,57.97633,45.194206,173.7453,98.5,-38.099575,-158.7482,44.576378,57.776997,-58.769913,25.0,-2.0,52.0,7.28,82.53006,339.0,122.313545,-47.270035,5.5369577,111.0,50.0,72.0,52.0,158.73683,-2.0,1.18,-167.59503,-16.001839,42.42052,112.05826,-117.60654,112.42279,86.819695,109.17928,-113.03198,-16.278557,185.65898,-100.626236,65.98012,42.22078,97.0,61.300217,10.8,-146.46686,-2.4526634,34.36303,-84.44012,-37.409683,60.677505,169.78755,16.98035,138.19675,99.814476,48.72815,-71.01536,-39.433567,48.730324,-191.82285,97.29231,99.44793,32.0,32.0,-22.088531,79.64748,69.70099,28.004679,-62.9096,68.0,4.9,59.40842,-149.90176,-113.653046,-90.882645,62.312347,91.500755,80.36735,139.67189,2.0463219,24.794992,-27.593296,118.88695,8.25655,-81.46511,26.442919,34.319008,-46.07747,193.50964,95.67261,117.18701,-147.57361,76.46256,125.1313,-74.409004,-37.48608,-23.905243,4.9,-95.08026,-16.325363,-121.24388,78.70062,38.65602,53.141068,55.65983,75.0,74.85255,231.19267,243.22221,120.69665,-112.56523,2.5833607
23.686075,82.782135,-15.063416,12.063786,25.821974,-32.695644,21.830315,86.754135,251.83476,45.28927,36.937447,-121.15404,51.542305,-18.252983,-92.65611,-5.34877,115.62053,27.379826,137.99367,53.71851,7.3738785,16.069675,-76.91984,120.198875,107.7577,6.7941456,43.497982,74.18111,117.48015,26.214174,21.568438,-79.2515,129.82767,-1.456686,54.170387,28.098206,118.63666,106.90946,89.78589,-76.85655,-155.94562,113.94378,-19.330978,-6.579153,-25.367992,11.028172,-71.81159,-44.63703,-100.469574,35.90486,83.1696,-62.424164,28.011547,38.469536,224.7966,54.446327,195.49301,73.50971,50.928787,-57.086365,1.3729496,-19.957344,-112.0692,81.068985,51.39783,-2.704586,15.243326,-39.79901,116.28267,-22.81419,30.057846,-2.7755623,92.88917,99.82253,-52.872543,-82.7202,-110.5457,-16.50061,94.34059,119.80211,63.955574,3.6507664,5.305894,30.378616,-73.49242,83.640434,13.609938,-21.706482,-32.20988,47.01474,76.98475,103.59129,55.024784,80.56315,-173.57037,-9.655191,145.70502,-28.915207,-56.91266,-53.03415,103.09942,-33.553875,-17.005054,-124.604416,121.49386,114.17944,120.518295,57.32771,-18.284607,-21.516506,255.50732,102.39848,208.64253,-93.76862,-8.709341
83.0,107.683334,71.096756,-18.735672,11.0,-96.45266,-11.773624,99.62202,225.4381,100.0,83.487595,-141.80818,18.0,15.996,-103.56095,75.72079,9.808441,-10.518705,71.74352,49.81482,9.8720875,69.67616,-105.86602,46.72538,99.0,51.0,68.0,40.635414,48.15029,-26.226418,9.993776,-61.501564,130.25674,71.86481,5.0,46.20762,0.0,36.0,12.0,-16.393497,-34.59199,97.416046,-68.9468,-26.94286,30.0,-42.220966,-18.249268,29.009634,-94.8291,80.038956,-22.050144,-45.683876,-63.176025,-10.053947,221.83376,60.818268,160.05833,21.326426,139.02063,-4.891199,-11.840855,98.983604,-69.223465,36.443256,34.994987,45.652214,78.59802,1.4249935,133.29031,-23.633827,76.461784,-5.020323,146.50192,57.2624,-110.92612,-84.79849,-112.93971,-94.78925,139.60745,59.7937,168.204,143.68066,0.68611526,13.440134,-9.382254,144.92773,-119.23901,-59.06642,-89.03262,155.53798,2.7660046,184.09067,-24.86938,105.61579,-269.0749,-85.7336,130.05746,-81.37101,-119.58284,36.22669,25.45628,-2.2522755,75.79507,-90.05447,106.59921,72.44931,75.178085,196.5713,-0.029886246,-89.70558,310.1588,51.481964,108.09463,-48.242226,-32.66362
32.955925,83.671936,-34.696472,-11.934601,21.540953,-37.9817,22.182459,53.213078,255.5112,47.038597,6.7264557,-108.42427,57.960957,31.445932,-73.422356,9.059405,108.335,26.946184,123.52066,91.33831,-0.3081913,39.248123,-65.82412,98.45356,105.06007,-13.5513,49.37647,44.173035,90.15807,0.8221741,-21.595974,-44.03972,147.60788,15.875821,74.31943,-29.70369,134.6824,103.368065,65.70671,-33.745476,-90.340096,145.0911,-29.062447,9.5436735,-43.61779,55.58508,-31.323307,-79.93148,-89.45592,52.439697,60.1711,-29.652401,16.22632,9.667198,175.6035,35.604843,177.85466,75.04881,22.650084,-63.270172,44.48207,-38.391853,-114.99292,67.312546,47.790276,15.3329525,29.558487,-79.19581,112.032906,4.017006,-15.080872,32.675682,67.68317,81.012405,-13.809017,-38.42535,-109.181305,-29.843452,114.37653,90.03877,36.388172,-6.0002785,12.001898,2.4790974,-91.37591,80.47911,22.694897,-67.865105,1.3327198,14.428114,49.618366,128.04962,27.25838,102.41989,-125.561844,-1.6244221,144.58118,-7.4176884,-75.11211,14.734753,106.581116,-40.473152,-7.186653,-66.5077,109.63606,84.345604,100.07615,63.040855,0.56760025,-0.932539,258.58313,156.95657,159.0956,-113.13992,17.717747
24.752272,100.76838,-27.211033,22.997633,17.153978,-49.76175,47.597557,44.655067,250.93317,74.92738,11.34157,-97.93006,48.324196,-10.633871,-76.40172,-1.8873444,128.43231,-6.3259068,108.75942,61.20254,12.999144,58.834354,-54.75422,105.29622,105.56134,1.2936516,25.184654,64.93566,77.87606,4.060732,-44.725586,-42.43212,135.12413,-30.719742,77.85831,-19.021858,106.18384,94.86174,85.442825,-28.882225,-60.356827,142.4385,-75.06829,10.782272,-17.954521,53.501606,-9.461233,-44.925774,-102.79135,3.2440758,124.191864,26.134224,48.855217,-32.339035,203.19656,37.23237,117.94841,45.11602,30.309334,-20.514393,76.52331,-45.38395,-98.136375,48.20642,62.37782,27.573708,9.3010645,-70.43377,81.44116,-19.278538,-16.038147,12.438019,49.63166,96.10151,14.368054,-89.62389,-98.89972,-8.516661,83.784805,104.00689,25.511496,-21.906605,3.325451,-46.32042,-92.56749,82.214554,2.302227,-60.069298,-3.369236,-32.010735,43.937763,144.8758,29.460602,49.71481,-145.71094,2.095192,101.87126,-45.793556,-86.55032,-1.9185143,64.57805,-42.000294,23.805805,-54.552475,105.533646,106.40756,93.85053,30.367764,1.233717,-32.269447,260.45123,128.06683,174.82623,-115.4039,13.932325
19.738771,82.63541,-22.34248,28.774956,15.244635,-56.83542,23.922014,43.26661,259.34204,89.337585,20.808434,-83.3192,54.10855,-24.93468,-116.17882,5.9339666,115.49144,13.176881,103.4946,62.82319,-3.0005493,47.827286,-18.11073,127.71381,126.66184,6.49035,25.528624,52.365112,71.92825,13.05709,-27.351288,-12.563473,149.02718,-28.090027,60.3353,-14.316463,145.47656,90.33596,81.20378,-38.195236,-61.28282,154.42308,-41.813137,37.441628,-13.554916,28.556606,-24.607876,-32.388783,-100.45326,17.111649,128.20514,-8.579607,24.789585,5.952999,161.41246,70.85801,133.18933,50.47309,33.963364,10.300081,78.45282,-20.251839,-92.864006,101.250534,63.1165,3.4638634,12.224109,-31.264324,94.75166,-32.199886,37.572563,28.917183,43.571167,83.69479,34.704296,-88.32853,-81.80012,-23.410835,90.55608,126.4758,-32.751953,-51.75418,37.962692,2.5085125,-85.255264,65.78901,6.589411,-42.08945,-23.847626,-35.60631,65.976006,129.99603,31.193373,77.99357,-123.63733,-6.36063,102.12698,-21.110847,-91.252594,10.613683,83.145905,-47.43653,19.578094,-54.409904,80.25498,128.93683,101.833855,46.02468,-31.988052,-55.8743,267.23422,104.33136,184.26108,-77.79512,12.368804
72.0,126.72534,22.003012,1.7167339,19.0,36.61055,1.1837788,53.62163,209.8653,97.0,71.197174,-104.29085,18.160799,19.63378,-83.89042,62.06761,23.37973,-37.473763,81.14946,-0.4841919,24.782331,80.56206,-100.84017,134.90747,118.0,55.0,78.0,68.42989,40.420746,-29.451721,-85.41841,-105.015755,88.06149,106.39179,59.832863,-3.4623451,169.36009,143.44287,91.09394,14.27607,-28.976822,112.5747,-52.433685,71.4939,37.01165,30.055655,-18.882992,-0.36543846,-85.04701,30.853413,6.2749863,-19.955597,-5.484377,79.07227,129.94577,64.97386,74.02183,35.38932,31.877235,-6.6166267,77.11012,41.779785,-38.705917,79.92253,103.54854,54.77756,63.053173,-0.61621284,107.27493,-10.035217,65.631424,46.699142,125.49564,45.90763,-31.861942,-126.6888,-72.63575,-44.70845,43.409096,112.750946,10.061998,103.07146,36.52683,13.305853,9.252208,108.98882,5.530246,-69.231804,-107.380486,35.92398,44.287598,166.51079,19.549994,83.78064,-145.33372,17.838535,138.23822,-51.388863,-85.13486,-38.115723,65.75334,-95.69573,60.391315,-59.069565,134.85944,103.207275,66.11737,114.014114,-0.51410675,-47.749466,294.32648,101.68909,210.39278,-114.64479,-41.182655
26.107464,93.10503,-20.790405,20.465061,27.219059,-45.550415,45.619423,64.425224,245.70749,90.4876,13.377459,-91.215935,57.476894,26.859842,-139.09642,17.558743,117.99103,-15.769432,129.44373,24.276709,-2.0443058,57.350105,-82.81293,122.96076,123.22331,4.880435,26.050705,39.40809,37.55841,57.790028,-9.412521,-14.6726,113.01111,7.5289326,70.468445,7.3411045,130.87878,88.74967,94.51999,-13.469833,-76.09256,176.88136,-50.51928,41.464043,8.053029,59.39404,-70.98104,-32.12417,-75.59596,25.154675,113.32451,-13.89896,-10.665508,-1.4951916,204.58542,28.961157,147.23332,51.72814,23.712206,9.166746,54.787365,-38.411453,-70.9264,68.79668,73.198685,37.09005,-7.2621574,-50.24459,109.35684,-26.22369,33.341747,6.7619658,78.89827,66.2944,23.50211,-71.8945,-63.822647,20.056887,96.012665,113.34304,-30.648823,-34.11562,2.0041866,-4.39275,-49.775864,75.53798,0.9302559,-81.19903,-59.565384,25.987719,90.64484,141.11353,36.88703,39.80583,-152.155,17.791494,118.22694,-24.274258,-67.561195,-17.380993,80.79992,-81.52265,30.55022,-78.06505,101.45058,109.593254,135.48634,21.920856,10.591775,-6.14262,270.7378,114.4577,168.88861,-105.10676,4.210516
55.872425,134.37587,-22.629078,28.428316,11.917082,-20.418186,86.576385,47.114685,239.73651,79.0633,20.47329,-153.88185,34.011803,7.3127947,-92.8256,25.0,1.0,34.0,7.46,107.59397,162.0,19.220263,-70.92406,138.74301,147.51637,7.8100863,42.917004,34.0,103.001305,1.0,-34.444736,-49.910362,81.08972,-1.8264332,91.88483,-63.457527,79.53548,110.18308,85.68963,-6.800337,-51.012024,149.31317,-68.85007,15.8609,-12.544003,47.236916,-36.910275,-24.183971,-69.515366,53.92179,105.58083,-6.8653603,-27.36961,-8.7721,163.40714,65.29397,102.50318,81.820175,27.090887,14.78919,22.660192,-18.130348,-127.147385,85.06417,111.87645,20.368507,23.119997,-33.96535,24.708817,-48.858727,-27.886948,1.4452095,68.0,4.4,37.629333,-82.74117,-62.424706,-14.986984,70.28006,103.182976,6.3455563,14.821774,46.278145,-0.9342823,-46.920296,27.799574,43.26448,-63.816452,-16.10188,-25.526676,61.358932,163.39362,49.71691,79.32943,-124.711716,57.723183,100.58598,-35.954746,-95.17174,-59.537354,4.4,-26.438381,20.401482,-57.94625,81.28721,102.36756,125.98311,64.5083,-7.209812,-5.897238,235.56163,104.154076,130.41026,-115.278915,7.1743116
25.761383,85.96123,-4.280657,6.5750065,20.14361,-33.23419,65.440575,101.38894,232.44395,97.87436,17.540424,-115.33008,49.459106,-10.612413,-57.889816,-15.96888,113.43122,-12.844284,109.23245,74.36581,-9.224255,24.25164,-70.98402,156.48904,133.04236,16.661734,25.229849,81.49246,76.00759,19.450384,-3.7655182,-36.515335,126.79644,-7.226652,53.64863,-30.92025,111.077126,73.95743,65.26026,-30.290333,-90.4313,187.21649,-22.09671,13.193246,9.8653,50.72997,-27.828857,-31.152763,-119.551895,26.688437,94.384346,-9.375671,21.849792,-35.846443,194.78731,85.56653,135.38708,39.735184,13.09564,-32.16703,58.508312,-56.180084,-73.499275,99.18044,74.28546,62.596687,5.5977583,-21.717407,96.41358,-8.844721,-19.315372,-6.7926865,60.8583,85.87383,10.231386,-114.507385,-88.82936,-27.025349,65.15959,118.4354,-35.3419,-47.14843,37.666138,-37.6557,-95.67203,59.218407,-1.1112461,-60.433784,-32.703434,-3.6727943,49.7362,177.76358,18.747395,72.76195,-142.71008,20.20055,117.695366,-56.674683,-72.2021,-16.436134,94.362236,-71.147316,13.007257,-86.93251,86.81215,111.54888,113.262344,64.62474,11.341853,6.227273,217.85963,94.94242,170.98233,-145.20981,0.5060978
91.0,137.40733,61.91746,-12.284706,14.0,-130.64296,56.160744,137.47372,229.60172,97.0,144.02136,-117.05513,16.0,9.562778,-123.01477,45.681656,10.948588,5.734379,55.805702,38.070824,8.764907,49.662987,-119.370834,77.39038,80.0,42.0,56.0,40.95813,13.862001,-11.275774,-26.010532,-112.474594,116.95,147.16452,54.123985,41.24839,142.63655,91.383125,53.50482,16.805565,-6.483713,69.65451,-53.592094,52.459435,10.076615,8.3371315,-24.022434,11.4127445,-75.52964,16.250257,-42.15337,-12.087582,-49.25757,11.903135,142.73215,90.16697,111.3988,19.46288,105.50949,10.622988,80.241745,82.38752,-47.865746,74.15015,62.89047,129.74599,59.550926,20.109606,116.42306,-8.876335,73.93892,54.661385,136.51477,61.04902,-54.470337,-102.24798,-81.44498,-84.41059,79.6409,118.70552,74.90227,109.06649,-2.1500854,29.11336,-15.148315,86.3198,-33.99726,-44.056175,-118.289154,81.33908,26.359566,146.9599,-79.15799,63.69952,-254.75273,12.180531,182.08885,-66.45629,-80.39653,-21.80611,115.05194,-84.959946,96.711655,-56.557976,169.74464,41.687057,99.75506,176.43942,69.0,-32.366302,290.63385,57.605305,121.88064,-133.04408,-43.86908
29.697083,79.04811,-9.829382,53.548294,21.552103,-52.47264,30.361208,73.42554,274.15826,78.113266,31.169209,-102.00773,44.412323,12.850673,-99.87946,4.2627373,110.34467,15.99847,128.56825,69.36255,-3.4127998,45.078613,-42.46844,123.71749,111.90615,-7.8865967,29.76675,27.16641,82.80543,35.02398,-25.113152,-29.501427,143.35876,0.7480049,75.208435,-36.744408,113.66266,124.45496,83.053635,-2.857233,-100.02775,156.15178,-7.169945,2.6973267,-28.546837,62.04712,-29.17091,-12.870472,-60.857674,37.450996,79.59911,-29.44857,-4.602524,7.586134,190.81532,11.624907,187.9319,89.62782,67.83659,33.073807,48.715042,-22.189697,-60.778847,73.93678,42.336243,51.588455,5.093154,-57.168846,52.661694,-32.40623,-32.975674,44.752907,72.48028,50.77828,2.7338734,-44.71003,-86.33258,-15.678894,82.96272,53.644924,2.9675865,-18.250061,1.483057,2.6924496,-111.17461,82.94391,19.855728,-70.62406,-6.045933,-6.2653694,98.473206,190.06126,39.050896,91.4688,-135.71895,-5.520832,99.22903,-40.65546,-142.7439,-4.7061157,107.39124,-53.45336,10.048947,-73.3551,93.42891,102.60187,108.39845,115.76556,0.5688343,-41.77566,232.68227,89.302956,163.69644,-64.93965,13.969017
19.851166,86.31966,-1.1935024,-3.5030403,22.19605,-45.218758,20.778797,67.0786,254.57664,64.455956,7.914584,-123.888565,35.493305,-19.834778,-102.23119,-13.278927,115.101036,0.37501907,117.05898,36.88656,39.49793,52.80455,-57.405594,141.9834,115.43757,-0.7010288,31.715881,59.07071,57.874794,31.7869,-31.730759,-41.65612,167.0223,-10.427666,53.934025,47.778584,136.8766,90.19045,78.00699,-11.161509,-120.72861,150.04796,-57.831573,32.84069,-25.920689,60.37528,-23.310234,-36.74763,-80.98162,3.4955559,110.701126,-22.10558,24.039902,7.0643997,190.8589,91.38553,140.49625,44.217117,19.143806,-9.655085,50.004345,-67.91579,-69.95964,108.822014,57.278416,5.959921,-7.099306,-34.740173,96.89164,-4.3456345,28.37508,13.267106,73.30397,62.181305,44.19309,-57.974976,-52.56166,-9.238127,75.61414,107.888,-19.095695,-24.451775,6.8607073,-9.629734,-99.11726,70.887924,30.485367,-51.235672,-35.48595,12.544016,90.340706,155.47527,30.602087,86.10779,-134.67946,5.663991,122.38987,-31.46848,-79.84561,7.891017,69.54635,-68.63442,-2.036211,-73.718025,102.344154,113.524345,75.101746,65.63778,1.7436962,-32.980843,223.07991,101.24778,146.04355,-113.5092,13.547436
16.053722,62.48738,-14.777599,22.607864,8.551633,-59.990547,69.211044,56.163597,240.87524,78.06075,-26.217281,-89.37359,48.197037,17.986399,-98.90872,-7.3371544,84.69898,29.170074,143.13095,35.25667,26.65312,32.319572,-80.41543,93.36188,118.73924,-11.109409,20.283451,53.421143,92.37772,42.35943,7.601239,-51.366127,127.94102,-34.60982,46.828506,45.914055,115.99256,77.41508,101.06114,-49.347404,-67.799614,177.81589,-36.04348,16.032959,-12.546955,75.65175,-50.6278,-39.192192,-56.505226,21.338457,73.36372,-49.908607,40.256332,-3.0615902,172.98723,24.61234,165.35889,85.63847,8.916034,-5.4693127,62.92555,-59.16532,-54.32866,50.17632,65.67955,52.489502,24.64184,-23.001331,110.96983,8.69148,12.175081,4.5561295,93.68385,67.91614,46.491776,-44.534843,-87.273605,-20.743732,94.06753,117.55143,-51.029953,-23.36084,31.877659,9.420667,-124.232895,35.795197,23.2608,-27.688335,-1.9403687,-29.70008,44.192074,161.02415,44.111015,46.03411,-132.096,29.336002,115.729614,2.2802315,-102.729675,0.30422592,74.27777,-77.24509,6.5406294,-62.71396,59.803528,131.02077,134.00409,21.602476,-2.0517483,17.221636,257.03662,141.34598,155.0822,-112.32721,18.236412
86.0,147.93076,62.05362,-21.969982,14.0,-89.80154,74.301,74.647,203.49998,96.0,145.64023,-57.896652,-1.9994373,-9.810375,-103.80386,23.0,-3.0,42.0,7.33,20.409624,115.0,54.853268,-52.7091,120.63457,82.0,49.0,62.0,42.0,1.319603,-3.0,1.05,-123.03346,76.32682,158.79268,30.716244,38.828766,129.885,73.75093,101.9731,57.205097,-27.975937,101.27267,-21.452438,63.361664,-8.516346,97.0,3.6877232,-14.678154,-121.66528,-13.392315,19.61757,-19.722458,2.833765,70.81534,82.1689,95.26798,64.28084,34.13079,45.22801,16.96239,61.22153,-10.455887,-46.71595,73.03598,61.37228,98.3981,61.795666,89.194046,112.56014,10.175218,-8.807098,43.111263,131.96936,87.315346,-50.862762,-79.798,-56.4338,-91.732285,-11.57299,120.93368,4.759692,69.00591,64.09684,-26.38414,8.722243,44.799202,-43.51542,-28.782635,-111.01558,22.426445,25.897346,155.84355,-79.29105,40.65686,-177.87358,48.165455,122.72576,-67.98286,-114.03171,-21.577969,125.49479,-62.846573,29.721817,-30.826126,105.041245,-11.67107,116.424164,174.84602,132.0,-68.54991,378.3189,104.31267,131.32205,-212.00893,11.0
10.818102,91.442764,-34.43509,58.108738,27.763502,-94.4856,29.30577,35.891304,297.67896,67.164276,10.661549,-100.89263,34.07245,90.06803,-74.185905,25.661644,119.47337,-8.113371,108.60904,70.448654,17.316463,64.11909,-59.485153,127.348854,112.850044,18.961649,35.937702,21.117407,71.4434,62.649235,-25.481823,-48.478966,117.828514,-42.91107,92.29047,-77.50017,116.79058,118.89523,89.293846,-6.3499413,-65.93987,154.44589,14.4069395,42.583206,1.2250004,44.56535,-43.314648,-0.547863,-9.333385,65.64888,92.12586,-46.351143,-7.664236,24.653084,175.59727,35.324993,167.08458,80.799644,63.695915,5.8337984,26.914154,-25.24545,-70.309746,78.28705,56.097874,53.234837,13.709869,-20.446003,68.606155,-13.218712,16.252296,35.53891,48.635895,67.945755,-1.3770428,-87.487495,-75.05465,-7.1723824,108.308075,98.882576,29.601694,-43.47925,51.877888,24.804966,-36.63666,41.976196,6.251212,-88.36638,29.703764,-19.42902,26.767603,188.90446,32.771255,91.77759,-110.52487,-12.729015,90.105606,-47.363625,-105.88968,-1.0852833,81.016335,-8.239864,13.918917,-112.4124,61.422897,58.54671,92.204285,82.3797,37.570503,-83.90093,258.44406,84.96504,124.96756,-71.66326,25.969498
63.478245,30.080147,-36.265785,65.97196,2.5206985,-112.48071,54.611927,45.416595,287.88916,126.79864,31.57904,19.671156,50.971222,-62.022354,15.731521,-20.454842,87.678604,60.818176,87.593,132.26389,14.608647,71.27971,52.418552,96.80899,108.51186,-47.18509,5.2950716,60.13664,26.435555,-15.757313,-55.865456,-41.43724,117.94787,-112.88312,92.20422,-59.805405,134.31456,19.978857,1.9058266,116.14752,-45.384087,161.66269,-46.409058,30.672997,-9.268105,98.60937,53.613583,9.8,-40.7567,12.1,143.27704,0.9,51.582375,-23.215237,196.06375,27.0,93.45636,23.919655,12.0,-2.648384,60.136353,307.0,-4.822607,26.33433,24.347282,58.958275,28.3,23.0,45.096992,-23.205853,-26.830463,106.0,144.0,4.3,137.0,29.640804,-43.245285,-35.409954,102.6562,72.93804,-83.71268,-168.12785,-1.6363564,-106.53101,16.1,3.15,27.603962,90.0,20.303858,-71.85513,-26.721745,188.77576,34.5,31.0,-77.55647,-67.92226,74.208496,75.53432,-47.212242,48.314983,86.15077,20.707409,34.74557,-13.981365,9.859158,153.76411,71.081116,50.71514,-2.258419,-109.95567,216.74228,-9.5149,130.75298,-15.597794,-0.58122635
30.521008,107.76207,2.18861,33.308933,20.733028,-51.920143,33.67042,66.67732,247.4172,73.93307,25.254845,-70.75315,50.526646,-19.042889,-120.65161,29.095722,110.47201,-9.782738,79.818665,56.49996,34.277176,83.011314,-26.343506,120.95562,131.64276,18.592728,37.541924,99.92346,69.40141,31.353199,-14.576263,-45.764404,143.54381,-57.25631,41.77987,26.055275,129.83517,75.47702,89.48749,-20.859917,-59.14003,175.92247,-28.172798,37.983017,-44.05417,12.292079,28.551754,-19.81039,-95.99088,-7.5842094,137.73178,-19.345932,79.55626,15.351633,174.66383,24.37952,150.93774,11.922895,44.464546,30.264702,83.74208,-34.735462,-37.331924,89.86022,83.16925,16.192291,14.723213,-65.640564,86.62483,-5.644758,34.654778,42.216526,53.653152,58.092953,44.88961,-83.4807,-64.81205,-1.8922272,58.629757,124.8653,-38.65118,-34.555233,30.494858,-3.6393414,-94.110794,42.169468,1.6095772,-33.232956,-57.23073,-29.01455,86.936745,150.24178,76.681915,76.39231,-102.792175,-13.152866,98.96427,-42.774807,-44.131943,3.0832634,81.24382,-28.34486,-0.29489136,-67.5508,48.295235,173.30089,72.74091,35.270054,-28.8936,-39.12895,219.83556,62.754616,195.24544,-136.07744,-23.11441
88.0,98.0,39.0,58.6667,11.0,37.0,-39.017563,90.54052,180.11249,97.0,167.41702,-148.2725,16.0,2.9830856,-177.58719,83.95749,-51.10807,-0.6863136,55.29095,-16.721756,60.037064,78.63449,-126.24719,22.154566,94.0,48.0,65.0,60.628784,26.768726,-5.434952,-55.98707,-61.19158,107.65318,61.49459,5.0,46.394737,0.0,41.0,12.3,2.5447197,53.80635,65.796074,-88.19558,-13.05999,32.0,-1.3362942,-32.457153,95.00641,-75.52721,59.634724,-28.897137,-67.87669,-68.630714,39.35418,179.53065,50.477722,154.3052,73.73601,99.45902,-6.1857433,36.058075,152.60545,-90.01728,69.174774,65.379845,104.26606,69.63111,23.517433,141.60938,0.89149094,102.99972,46.54989,162.749,30.186497,-110.30678,-162.24991,-130.64987,-69.56175,142.18634,83.23506,120.20706,186.21568,48.48636,56.853428,-14.110172,230.22128,-99.61201,-61.68042,-105.52193,157.76535,-10.035292,161.30074,0.4317131,109.8086,-220.08206,-15.030674,154.61755,-77.75049,-52.448837,39.814026,5.0120564,-14.259403,57.765648,-31.539059,102.50256,89.911026,18.229292,240.87593,-39.519623,-15.359524,296.68958,44.505367,126.835396,-73.56391,-28.568825
23.057878,71.67018,-36.104298,11.344744,24.93901,-25.722523,25.450027,63.191784,244.10333,66.0607,-27.870106,-86.59766,72.92064,25.494246,-83.66892,9.438907,90.3531,19.216732,90.184265,53.127163,34.40956,54.49815,-45.447914,119.98172,104.75149,11.031266,39.243034,15.34402,57.07526,48.083633,19.977596,-37.850033,134.0036,-2.370264,49.61069,67.95418,105.83379,111.90114,64.25606,-43.88987,-111.91223,120.98123,10.698491,2.2611084,9.693286,18.264442,-58.700012,-53.44902,-76.559586,6.197344,56.621902,-70.12915,27.3819,30.108381,248.90117,78.871,196.52507,51.89265,62.11676,-33.555126,30.470655,-21.890308,-65.07805,76.36447,44.336357,32.255096,-0.70946884,-48.184868,123.53094,-53.71811,45.20307,0.04724884,82.11077,62.432026,-41.413708,-37.35658,-64.305176,12.074751,104.97037,71.129105,65.16588,-1.3466873,16.862946,48.707752,-101.61142,96.51571,9.916519,-21.35078,-44.827118,-2.8362465,82.045425,117.19344,57.63407,87.28099,-159.3423,-24.769745,137.991,-55.068703,-48.85389,-37.454945,100.36563,-30.590473,-19.528748,-86.565895,109.25008,156.3579,127.719505,90.58585,17.466593,-21.053764,257.27158,95.79937,178.1843,-102.35047,-7.1794014
86.0,106.0,41.0,62.6667,12.0,-108.63188,17.096807,64.85171,235.8658,96.49928,56.395348,-171.69778,54.546753,-3.5629387,-148.61119,67.28964,-30.36871,-12.8428,64.296814,34.260307,25.070747,86.25068,-46.38611,27.770195,121.0,56.0,79.0,103.2751,32.801964,-62.90808,-13.042873,-81.6282,87.20155,64.999626,91.52956,91.64331,202.4858,96.62177,40.032013,-26.561092,-44.58197,165.0846,-84.81729,5.368169,8.860346,-28.07043,20.132761,-9.233116,-137.0515,38.832687,1.4528484,-56.381126,-40.184216,-11.112478,252.59842,29.94219,165.91554,30.449013,80.72969,2.6107903,35.334183,51.218414,-71.29812,86.37314,39.434006,69.387405,26.033562,6.974703,177.35992,34.85725,67.15685,51.864864,94.3379,28.023092,-60.95849,-46.178932,-101.964386,-47.315422,161.38954,41.342995,59.104717,132.38708,4.051811,7.3536167,-12.643471,152.77826,-60.042236,-84.643715,-105.941414,61.828407,-18.263569,211.94325,1.0565357,118.21783,-223.3797,-35.694508,125.46393,-99.446236,-78.84083,-9.914404,42.950653,-49.510986,36.55449,-109.9465,76.26968,105.16604,52.350445,106.909424,16.314682,-4.608322,282.9123,82.230865,162.37596,-34.266243,-52.052986
17.783136,50.815224,-42.773884,13.174786,19.56197,-48.32814,55.3005,78.42001,260.46057,52.13263,-13.749966,-118.413864,58.474075,60.598057,-108.08676,11.885627,107.39365,1.839344,121.68574,28.608137,15.94186,89.07153,-85.66423,112.49898,106.016525,-2.467268,36.046764,31.729305,93.502525,-2.7761555,-17.213879,-60.78927,117.92072,-11.121904,62.60816,16.975254,111.51217,105.68539,59.886005,-5.57098,-78.378334,136.52184,-13.437473,29.164307,-11.706333,44.49096,-1.2564621,-55.85298,-67.947014,36.232986,46.108456,-26.643066,15.413355,24.746227,202.22906,55.531124,166.5342,53.895542,32.1309,-44.379448,9.741752,-10.308893,-72.313484,77.892,53.455597,39.92964,-10.915939,-93.656746,114.30594,-52.673363,22.541016,46.25045,72.629684,89.78739,23.905516,-59.039032,-97.97504,-6.1152687,115.175285,128.52966,11.282828,-2.8182297,16.392406,-0.81754494,-109.48233,83.864426,-1.2114735,-56.79518,-44.009315,-4.8207455,51.975616,140.6261,44.385174,60.362865,-137.0866,6.005908,130.15683,-24.252316,-67.76304,-13.259697,122.263466,-37.24725,-10.354023,-93.106026,72.31175,146.1239,117.210434,80.087036,-1.7448158,-40.031776,235.49223,147.46219,181.34306,-91.99719,-14.524273
84.0,98.85658,51.296814,6.7106543,11.0,-66.33113,-0.98916245,81.52635,241.80188,96.0,50.998554,-126.630905,31.472574,-11.605492,-117.148865,43.75913,-10.374508,-9.0232315,70.20014,13.608719,5.232439,91.334435,-59.692177,98.89062,115.0,54.0,75.0,58.32175,89.00248,-44.761696,-43.333153,-123.651855,94.41016,69.57457,66.7914,27.615019,195.04564,110.15451,61.048725,-18.239128,-35.27274,102.768936,-42.182705,43.94935,28.726208,-18.3278,5.430646,-14.069305,-125.06354,17.863264,7.0050716,-62.213814,-23.364342,34.560814,195.0183,76.769325,159.44736,30.668915,95.886314,-13.403645,49.42657,28.927406,-64.5333,125.57901,61.595776,72.79191,55.164528,22.815031,136.66425,4.241911,64.49325,22.779625,107.64475,46.20266,-78.614746,-70.01499,-109.36751,-47.626938,98.688644,79.25673,50.934315,108.19284,14.960812,35.22621,24.920027,112.37706,-44.921204,-78.16771,-113.85062,87.08421,0.06771088,164.09903,4.3178024,96.24853,-222.3351,23.695448,143.24353,-53.082726,-60.973053,-8.085674,67.09228,-139.16476,67.473816,-116.16858,80.16519,86.905045,109.340805,154.5995,13.679389,-83.13542,329.97235,84.85377,179.69453,-85.26477,-70.60966
22.51828,89.7972,-9.032984,11.437734,28.336674,-34.358006,-6.9521275,75.90522,257.62976,93.773506,-17.800114,-123.839386,55.014816,-4.2246685,-65.19383,5.8215923,114.45953,-10.668293,91.59895,63.374817,45.048847,39.18824,-25.77148,80.48012,110.51002,11.905278,31.851746,57.46156,63.107517,37.777863,18.129358,-69.76054,127.11891,-3.8455105,64.674225,13.808008,112.133446,80.47659,60.06602,-36.990776,-89.511406,156.0026,-49.574944,4.9681463,-17.144024,57.41627,-20.17606,-53.501045,-75.1276,22.640251,74.05766,-45.711212,9.2942915,-5.7890873,163.74834,29.22647,191.24033,55.365917,49.8778,-10.85055,-29.585697,-45.504845,-87.75922,104.82085,46.25167,29.76925,-11.243185,-86.28901,93.122826,-19.257362,28.641727,14.615515,58.40501,71.800674,-13.364563,-70.32263,-38.292305,-12.922031,105.28406,78.7206,43.462173,-31.812744,-1.5180645,3.8821907,-65.88551,57.66925,1.28475,-82.87137,-17.298275,-22.652157,57.55557,143.50299,82.807274,79.15294,-150.16725,1.2687721,129.54523,-34.10046,-78.3273,-3.3378792,96.1982,-72.36213,12.432443,-105.109245,104.944855,121.422455,121.45999,85.18144,-1.7684441,-48.902565,225.60739,95.641655,166.79727,-83.905685,-4.832346
25.114023,75.683655,-27.948666,-6.9155807,24.908356,-51.349533,7.2909184,88.95736,227.81293,80.7375,-12.696125,-79.94837,43.132717,-5.758621,-110.57004,-2.9296856,104.7141,20.105299,100.42167,63.052513,44.19828,41.632645,-55.183746,127.85339,114.14063,-1.3429184,31.445345,40.951782,50.639534,30.260792,-14.726784,-57.155228,124.37689,15.29155,71.40456,-5.577265,120.11489,92.58359,70.14101,-34.200867,-94.80772,173.65428,-28.529785,25.447395,-31.53395,51.10791,-4.870947,-38.539757,-56.3099,0.08723068,119.57254,-11.646172,26.051428,24.235212,216.66655,84.81473,193.72206,31.662392,23.964703,-0.31196022,31.60115,-35.083183,-77.98438,45.109047,34.365833,10.036685,-4.028919,-44.0599,116.85146,-13.821884,34.19449,20.05935,84.13761,70.020004,36.68942,-81.61957,-49.476868,3.8717632,105.388794,79.155365,37.167004,-15.93235,-8.18462,4.2168083,-79.23106,66.85261,-1.3843613,-46.41462,-63.685417,5.2834663,51.686615,129.9559,71.37984,83.129326,-182.8162,-36.931843,123.09347,-27.058018,-44.545837,23.818846,91.57779,-38.69988,10.997599,-129.72726,107.46638,100.117134,90.93882,39.47377,10.64946,-3.8526402,250.26315,113.033356,169.69624,-114.36073,10.422209
46.064087,86.628265,-14.416271,24.043718,19.811005,-10.120466,66.229485,89.536766,242.53014,54.62304,-13.04248,-90.07992,23.95711,21.211155,-43.663063,23.0,0.0,34.0,7.43,77.16554,98.0,30.533052,-56.187393,147.68369,127.95108,18.932608,62.354656,34.0,98.908646,0.0,-21.089272,-63.395325,91.22551,-42.364372,65.591995,16.432125,145.87373,72.288795,67.67948,-80.83661,-83.187126,162.59065,-38.513264,22.38703,-14.9518585,44.644375,-10.176666,-7.829212,-94.78085,-23.46558,81.68936,-15.142323,44.31227,2.349594,185.5929,88.125984,107.368965,75.07725,45.25129,12.735283,49.168125,-25.769638,-107.435074,103.08013,76.34525,-8.565897,-4.056984,-29.346249,99.95698,-35.55965,21.563158,-11.182993,120.0,4.0,5.9348564,-92.627426,-65.513954,16.795935,74.986305,105.39612,16.01027,-66.910645,44.357674,30.811424,-65.552284,57.57376,11.045507,-31.963486,-37.592274,-19.719822,37.903805,136.75932,85.63238,74.54257,-146.20332,48.119133,87.91938,-57.87462,-94.171295,-44.755325,4.0,-25.038391,29.701485,-147.69083,77.53804,109.66983,103.275505,65.6539,-3.4936085,-9.913897,241.12973,96.09283,185.04973,-67.658325,-35.86035
84.0,91.37381,37.448032,-1.4794064,15.0,-137.43294,-0.12622833,70.75096,196.23923,96.0,82.63977,-115.073654,19.0,-20.925655,-109.184235,84.30613,7.935687,4.1532307,108.151405,28.38089,42.096375,85.27978,-79.86458,59.638428,100.0,50.0,68.0,43.275986,79.46535,3.457285,-43.732574,-51.264465,104.24363,79.190125,5.0,43.364613,6.0,38.0,12.0,-46.45771,39.387215,79.16399,-68.26136,20.94621,37.0,-25.93518,-43.623215,28.78661,-95.44845,72.35955,18.150805,-50.783195,-34.6371,34.571857,215.21194,75.56822,136.18684,29.177933,72.06091,0.6465359,37.854515,129.58069,-79.24095,65.8914,44.470688,68.2455,88.74102,10.560962,118.23016,-11.081144,78.04318,3.1110191,119.725945,39.689507,-34.856617,-145.26926,-117.80438,-77.957535,141.32681,65.801346,143.66669,118.58622,52.736397,-4.130495,-20.697277,135.58173,-81.404755,-76.965256,-79.00013,102.04971,0.8510742,165.50607,-20.472694,72.0847,-226.611,-14.9739,114.65699,-75.078575,-77.537575,-2.1273785,29.414146,0.82268715,80.39087,-83.38129,105.01142,66.296364,84.03557,183.34253,7.0430107,-61.907883,298.36102,83.28465,115.969345,-36.121902,-23.556713
47.291786,100.86925,-32.17823,13.555948,13.443281,-33.32248,46.84105,39.959793,242.35051,55.157284,3.5205956,-58.552734,60.704784,-12.1619,-72.81528,2.8810978,122.04948,7.550681,116.39109,68.67077,34.118473,65.73132,-44.823387,108.53684,120.423584,-17.552464,27.533846,43.66518,57.384052,22.676102,-16.244556,-21.826889,137.14636,-18.122211,68.364655,12.274602,106.83823,89.907,62.32834,-8.016188,-72.161354,120.65665,-30.315292,39.42092,-20.175617,71.17771,-54.050972,-67.34448,-82.419785,22.75597,129.42422,-23.393486,39.426094,18.987116,186.105,67.91792,160.45125,68.78241,26.73951,-20.383045,47.254395,-31.194569,-60.402435,47.927467,0.7483101,36.47081,0.58234406,-98.06927,72.94406,-35.122536,11.616619,26.268446,62.457085,59.233753,2.9789982,-70.64191,-59.54193,-10.733637,76.408936,78.34148,-21.07539,-33.2718,33.07247,-42.4857,-101.92268,63.68926,29.172726,-48.19822,-4.6945477,-9.969971,81.46898,124.22147,20.681276,79.67889,-139.81807,7.8561153,83.25842,-24.906593,-64.69353,7.352607,107.49211,-6.721794,21.276821,-78.31244,94.407936,144.19812,110.67939,38.670452,56.83485,-44.390816,278.985,90.93299,134.74045,-128.26921,24.12036
32.612362,108.76185,-24.626095,20.394318,22.479616,-45.322014,11.896898,40.42101,259.27698,89.21329,12.08745,-61.381744,47.431385,-16.396622,-87.32443,23.108221,110.83085,8.118313,70.03023,36.78072,22.95313,42.061928,-5.746422,109.42542,116.80943,12.299206,21.154804,58.507027,27.27866,2.045517,-14.426247,-22.820065,96.722694,-47.7174,45.39818,33.83554,134.61874,84.617516,69.38577,-39.757652,-91.07459,160.83708,-36.769505,26.425003,-14.813641,92.75204,-38.542877,-4.8957424,-86.94261,25.04163,128.12912,-25.374046,23.47779,-3.0373096,201.90738,62.585304,191.03278,75.931725,57.07511,-2.2832203,56.473644,-29.235725,-46.651123,116.917854,64.09085,52.48512,-34.2866,-37.940697,100.42125,-5.807852,-0.23135567,35.74167,79.47562,80.642235,14.133859,-28.496284,-38.334953,-3.8496342,72.33322,71.47629,-14.179245,-61.91536,0.029619217,-7.2304363,-91.630745,71.66841,9.652898,-56.88382,-24.580154,1.6917019,53.618744,162.47954,42.78714,92.381,-116.8103,-16.836632,95.28162,-9.2556095,-56.108482,20.13331,80.25722,-59.33941,12.406721,-84.887825,80.68336,127.49593,123.73985,66.01387,15.799961,-55.55851,243.38197,81.02466,160.63072,-110.1967,-1.0484352
21.215927,88.65836,-5.316742,-11.222748,29.425274,-63.280533,-3.7329159,36.663017,255.15251,82.56557,-8.943199,-87.34367,28.509369,-4.8340244,-129.85928,0.9468899,112.72208,24.47253,87.99167,35.107265,53.69582,71.12625,-31.5876,110.03018,118.01346,8.149078,36.76017,80.14481,77.37688,70.89563,13.065224,-42.86703,116.02869,-29.385967,49.223427,38.138298,105.20202,64.11557,78.65146,-64.96571,-102.38555,147.03113,17.875889,8.725464,-28.401867,73.69736,-7.6615467,-27.612366,-86.69326,-24.34312,107.13213,-32.542812,68.46048,-0.045669556,203.09343,99.70963,144.18164,22.660673,45.469025,26.796951,71.404625,-44.94245,-47.266243,113.497635,64.09556,21.819492,5.6804504,-3.0514965,109.19312,-24.036957,33.453594,47.696068,88.96309,53.730625,27.949707,-65.03936,-40.904285,-22.542625,73.17371,136.57376,18.442408,-40.95303,28.232971,51.21879,-64.48956,95.813736,-5.764694,-24.296387,-37.0312,-15.665043,68.59083,93.2564,71.23869,54.16806,-141.90375,-21.379532,119.87733,24.794792,-47.797638,-23.050709,82.98439,-57.77207,-19.740658,-94.40817,93.135605,116.1998,117.27564,51.50593,-16.396053,-22.757065,289.87146,79.745834,189.69774,-136.71347,-11.568104
83.0,82.0,46.0,58.0,10.0,38.0,-32.20692,79.681305,179.45439,93.0,74.758224,-150.07365,25.904419,40.495415,-159.20036,69.68953,-64.239746,-71.87178,69.008286,8.196535,84.09044,126.704475,-75.63744,80.403305,135.0,56.0,86.0,90.134346,90.53845,-64.14672,-57.10868,-99.15811,77.41502,67.078354,52.861706,28.321404,221.58752,134.04942,61.498642,-4.3106213,25.600838,90.5224,-87.19488,-17.358368,45.72081,-37.72857,-20.024239,41.22492,-112.07858,24.434774,-20.281368,-85.43393,-36.8603,63.690205,191.50626,45.857918,199.58401,61.815327,75.64246,-10.587414,68.95122,104.87862,-87.86363,131.7958,89.344795,76.05362,43.45863,52.404602,137.04538,31.843323,148.37558,-0.4815731,135.67282,69.772,-82.13229,-168.26718,-35.86381,-72.394615,87.798096,56.95514,108.10023,194.7004,35.680443,135.74228,37.999687,198.27057,-57.27236,-26.082333,-97.53126,137.51434,-12.022263,158.15617,63.400417,92.01983,-157.54134,22.791674,184.28868,-131.61583,48.11061,-34.286644,50.78543,-78.53226,44.908806,-94.53567,82.05912,128.7178,44.620743,196.77612,-44.426956,25.563137,283.39014,74.71631,157.86763,-36.28499,11.0
89.0,82.0,46.0,58.0,12.0,-100.414154,24.644142,85.32547,214.11104,93.0,18.098736,-160.43892,56.625248,36.426327,-137.48018,98.64358,-75.21375,-24.457607,75.31995,20.86419,14.322365,163.65947,-70.883194,52.194164,137.0,60.0,88.0,93.59109,104.272865,-59.43142,5.775076,-83.82194,52.68464,75.25857,39.601845,41.238365,226.51656,78.56929,59.056133,-53.72328,-25.090496,138.00018,-100.41579,-2.558504,9.5564375,-47.713287,-21.467323,-11.172684,-178.87851,37.424965,8.262008,-102.48296,-35.918903,42.684937,249.81157,42.13339,215.22752,76.8584,101.45633,-23.031452,8.314494,55.050552,-117.2401,99.402824,6.4142094,57.477932,39.006714,-13.827522,151.1529,11.479688,128.28287,-4.293152,127.99894,24.592808,-52.286293,-100.35345,-106.07455,-85.38413,173.09518,81.004486,101.539505,170.99858,-5.026396,74.67662,4.2668743,142.93216,-62.731293,-47.759438,-69.423164,172.90805,-16.039265,144.54512,31.618103,137.49759,-222.48402,3.3782387,126.37561,-155.5291,25.14751,-2.0213509,45.09242,-42.28197,44.287544,-140.9539,99.69261,76.535774,93.87196,148.98006,-9.818945,27.905127,244.62419,90.10194,110.4853,-92.14374,-62.83924
84.0,89.0,32.0,50.0,16.0,-88.560646,11.181728,93.46914,194.0432,94.0,11.67386,-131.7383,57.58095,18.99935,-130.43321,72.58416,-25.474041,-1.57798,96.76289,14.555115,-24.955563,152.34695,-99.34067,73.34291,123.0,55.0,78.0,65.21032,105.296745,-51.83271,-20.550362,-98.6332,52.125755,103.42582,12.289264,36.89676,207.62431,110.279106,60.21419,-77.688614,-54.969414,121.49837,-61.357834,-7.1771183,30.267426,-36.61577,20.576487,-48.200653,-187.92189,43.016632,-16.817013,-68.16667,-17.759895,87.11812,241.55516,25.362831,249.68364,58.671646,89.84624,-68.508194,38.069096,81.960464,-119.40297,85.23064,6.4555483,70.702736,63.736073,-7.59054,192.78969,23.2878,111.91337,5.503278,110.46487,29.920692,-42.999416,-133.7001,-106.546295,-74.35434,125.77999,64.86772,88.909424,149.22229,21.554878,94.66198,-2.3078632,121.812195,-80.0994,-69.91836,-109.40634,115.96051,-39.063,121.03282,50.868668,132.10248,-199.6717,2.910387,142.3746,-113.89247,80.272194,27.46045,75.460754,-35.53294,61.271137,-147.51096,128.82547,112.83069,106.81843,163.837,-9.683834,23.777674,304.33856,118.69463,124.136475,-64.650734,-43.040283
82.0,52.489014,10.588285,-22.573166,12.0,-79.83612,-8.307219,64.36883,253.13321,91.0,23.248196,-141.04489,55.39474,21.157537,-115.35574,43.840874,16.733122,-14.355682,73.054535,11.415382,-16.98156,124.05905,-78.63437,70.946655,94.0,45.0,62.0,85.046104,87.76681,-49.28637,-3.3401794,-145.68433,100.72104,89.15132,45.087708,65.79623,162.78802,87.96718,53.022606,-17.205643,-56.27587,96.93649,-66.47936,-0.23928261,17.683647,-15.755501,-0.7525711,-14.891182,-71.92274,70.59425,-22.67289,-44.037476,11.1370945,69.50666,213.27309,59.154465,163.5949,44.166008,129.56851,-23.88015,-8.282911,60.701347,-127.31711,108.79961,4.706772,127.69827,55.82549,6.1761856,168.03038,0.47919464,81.121,9.235778,138.23688,85.281555,-51.256485,-42.264893,-114.92134,-112.422104,101.718666,110.315,98.591736,120.68001,-16.090641,43.967506,-8.134661,84.78191,-62.916924,-78.86498,-84.73352,109.87378,-26.720676,118.994095,-12.057957,94.70057,-247.34288,-33.64485,131.54375,-41.39028,-15.702454,10.841889,114.15722,-54.047394,63.714535,-108.669815,153.8227,62.415474,117.90251,163.08344,0.49409866,-25.59182,283.20874,96.14774,146.85022,-74.08077,-31.817242
76.5,100.0,32.0,52.6667,11.0,-114.28255,-4.5793037,19.330261,224.69333,94.5,33.91011,-162.5836,49.411263,12.629774,-122.99661,75.216705,1.815073,-25.452255,58.265293,26.862097,3.2624416,93.895836,-62.99907,41.965992,117.0,51.5,74.0,83.99047,55.854618,-33.205544,-28.520916,-90.57388,46.518837,47.372154,42.79092,3.956173,212.73271,128.93298,48.488136,-11.617699,-46.48471,122.02452,-105.91703,24.418524,39.482933,-30.387562,-0.2503872,-36.23183,-122.047485,0.9184551,3.0609493,-61.606674,-43.306713,79.46078,218.67783,40.399185,225.17809,52.944717,100.736534,-34.46329,23.663387,21.01461,-148.56992,79.12482,-1.6175537,43.364098,52.349358,24.61448,151.1673,18.600714,97.469185,48.984203,120.95664,95.70863,-72.24878,-88.39904,-78.0978,-77.81166,133.5234,68.73185,73.21913,157.22649,-29.259602,121.924225,10.800692,128.16873,-17.609848,-91.88972,-75.311,88.163055,-47.8423,173.07663,60.798916,82.07083,-173.63553,-50.562065,128.09422,-68.78618,2.4283237,-0.2717514,98.6957,-45.896263,17.95664,-126.14769,83.04976,80.81847,90.004364,173.65582,25.56627,-26.733868,274.94254,104.83725,163.92052,-38.463005,3.0
28.00876,67.44087,-37.415874,16.099371,25.18428,-64.02817,47.372704,45.63379,278.1463,83.03884,-8.25758,-96.08914,52.56324,-0.87890625,-73.5333,18.495827,95.054855,-9.806662,150.57089,52.69316,-3.9323597,48.7976,-9.759829,114.98017,131.56284,6.706086,51.864037,65.01279,108.05013,23.687742,-23.954056,-81.759796,106.71144,21.538912,51.511787,-3.2557926,130.94136,100.842476,112.64429,-25.83398,-45.906937,147.14859,-58.69217,12.538755,-10.060469,60.085453,-44.87107,-111.57408,-86.34965,24.045918,90.21559,-28.349945,7.0636797,55.72533,166.60904,26.111172,185.81238,103.2432,64.89366,-19.91587,3.3676052,-39.304867,-108.7643,120.26818,41.79361,33.665363,13.455988,-43.062176,114.60331,-21.286499,28.546558,78.9348,84.46646,109.23466,-14.022907,-55.188972,-117.661514,-33.213753,81.31474,117.136734,30.259518,-4.925215,-6.7616196,58.65044,-94.37747,96.72642,20.382483,-95.29622,-32.43397,29.822397,43.56375,109.13262,48.63331,69.85696,-127.80357,-10.972784,134.3129,-6.180151,-84.996994,-3.326538,114.67683,-32.827812,5.884346,-69.091736,75.39137,124.88325,133.13982,93.004776,17.883127,-18.603897,233.86913,130.86003,149.14162,-105.387024,11.475711
22.887741,69.89801,-13.753975,32.11194,19.490416,-68.78989,26.916935,34.228848,277.33148,75.16937,8.076365,-114.20781,51.98093,-0.2977848,-83.92983,4.921666,109.44802,-1.1255302,99.03944,31.862484,19.591225,37.651115,-66.11729,136.65524,124.241714,-1.1805115,28.224182,52.43759,62.733738,41.5493,16.02594,-15.30965,102.28648,8.480455,38.750893,39.52359,142.0394,94.06963,88.29715,-14.078136,-105.35542,151.7834,-48.09488,-0.44852066,-16.487514,71.46449,-29.33282,-73.84936,-66.3158,12.703638,62.479954,-22.836884,17.647503,9.556366,156.9587,47.35207,180.7891,77.6169,39.73564,21.177385,13.292751,-62.15654,-90.32355,84.847176,55.38129,33.80533,-9.570272,-46.331497,112.97959,-41.634193,33.022964,35.09874,68.37456,99.82177,-20.023613,-55.053703,-73.25982,-27.111599,97.6835,64.719765,1.6318321,-50.28691,-22.633083,9.234156,-104.559395,56.84882,10.960451,-58.156837,-19.931839,-0.3816166,57.179447,115.91896,51.26999,50.86927,-157.07098,-8.6216755,126.5339,-10.504812,-37.551765,-1.8949585,76.70676,-24.920872,34.218422,-57.06523,91.27779,120.70278,98.411835,70.45671,9.703448,-4.3391647,226.43156,121.8745,137.51147,-99.05662,5.5862713
18.85956,113.79403,-41.918583,21.217459,25.988306,-51.93577,10.674831,81.44885,269.71613,97.01658,9.457543,-115.63791,32.58323,17.905304,-78.69233,12.035108,100.74271,-12.194382,139.11398,75.37976,46.376167,52.018547,-24.179161,100.171265,100.5012,15.218108,28.212473,58.828392,91.45343,24.781736,-2.9841232,-18.172562,98.63737,-27.18377,65.219055,36.185444,94.85457,89.10931,60.955883,-55.198105,-70.493675,156.48203,-50.381187,23.653978,-17.447754,52.673874,-2.9741974,-44.77594,-110.62921,-13.842907,104.32492,-13.621845,43.654427,-12.698757,217.02367,68.48318,161.04527,91.32083,38.416008,-2.606659,35.791733,-29.109211,-81.738914,94.24106,47.913277,33.03192,-0.93860817,-21.17715,116.62489,3.6892796,0.5089855,21.130543,97.1632,73.6196,-2.698618,-79.97284,-68.83629,-17.42366,111.47157,87.18762,34.717842,-27.630634,20.752699,34.392384,-90.99147,88.62978,19.193691,-58.579376,-3.458601,30.802681,83.57439,167.04884,46.813164,111.43864,-125.05003,-12.329292,108.8078,-41.34092,-77.03194,-14.276398,56.76727,-46.601395,32.78789,-97.512665,69.127686,105.02227,129.08344,55.55773,-3.379095,-28.126728,215.50293,120.422066,177.79163,-65.41186,10.966099
80.0,88.0,32.0,50.0,10.0,-104.58905,51.79412,82.267746,213.26591,90.0,95.92099,-129.24611,12.0,3.7923412,-103.04115,83.07524,-0.7360859,-32.565952,72.68577,68.46091,-10.186075,86.79294,-67.36842,65.072655,88.0,46.0,61.0,57.91143,47.42241,-10.681032,-2.5382004,-95.81632,85.75992,70.955765,87.174644,-11.362995,171.41273,100.638504,77.11005,25.820765,-8.642502,131.27777,-85.01767,65.99127,55.558514,-32.32034,-11.174143,-9.050592,-135.88232,62.579792,27.203655,-34.584835,-39.515182,36.32621,203.71437,38.875835,110.8351,45.789062,96.06287,-22.402668,32.422707,33.047165,-75.81033,61.12979,59.603107,86.365265,40.02327,7.570548,128.95084,-11.6429405,87.36798,24.619282,99.0,75.00361,-35.931595,-128.33223,-112.59195,-66.52894,111.30953,69.52524,52.85013,105.19107,-5.082546,14.674646,-15.168121,106.09675,-23.609207,-46.205894,-85.391014,78.81618,-16.764763,169.95067,-55.646873,85.85065,-220.68237,8.331591,128.27643,-19.83823,-69.09544,9.077271,97.67687,-66.78867,69.74507,-85.31556,101.42664,65.75726,51.011013,162.23799,-6.5880547,-28.670502,286.07343,98.18344,133.62286,-91.81042,11.0
47.948257,122.18227,-51.23191,21.190048,17.198736,-24.140743,67.501816,14.768885,242.70065,55.15772,28.929106,-91.34594,32.355515,25.92868,-99.38021,24.0,-1.0,38.0,7.39,56.8211,150.0,18.466112,-39.73598,116.008194,113.69797,14.988729,54.64479,38.0,74.72565,-1.0,-34.825054,-65.20123,116.47181,9.913149,91.99367,-53.4662,130.72595,70.91264,101.72127,-36.509384,-73.92151,160.74263,-20.821392,41.618927,12.998507,53.243683,-53.86654,-48.836006,-83.5655,58.921417,141.7456,-20.379112,-43.126,36.46251,184.8224,24.875092,140.42868,86.49171,55.18236,11.77003,3.296301,-37.317818,-75.979,105.462585,65.08281,33.05803,8.909617,-98.973335,6.4074097,-61.700577,31.476711,3.4895058,49.993713,79.72418,35.79994,-106.6806,-42.03347,34.316154,58.72994,107.21959,13.527542,-50.66954,26.919422,-17.870316,-37.49793,79.96331,4.7201223,-81.94916,-10.123774,-20.283195,57.36278,149.62242,37.073143,45.34159,-147.61238,19.591372,106.103264,-45.26143,-80.133156,-45.914574,141.39998,15.234014,5.105047,-66.66587,107.78929,89.39084,120.47276,17.482868,3.3773403,-10.607937,267.65677,123.33732,162.02429,-151.75351,2.9412956
30.880177,97.886444,-35.22596,27.609352,9.32299,-81.22044,55.482426,49.023582,297.0782,107.70842,20.745556,-84.45718,33.858624,-24.343506,-110.22453,-5.2313232,131.7507,-37.682842,147.69388,38.068176,33.351967,61.60758,-18.546326,125.37775,129.20139,-8.9347,16.284744,69.931885,100.907776,21.028902,-14.717251,-29.931145,115.8632,-56.779587,75.46255,-26.331234,115.55314,77.61636,98.455734,-26.663528,-35.121418,161.16963,-21.34372,48.288254,-16.351501,95.60418,1.6527882,-47.69039,-102.367386,56.6091,144.33118,-3.039774,-15.741821,0.657938,182.04941,48.8621,127.01304,80.047424,16.401138,18.528976,13.8665085,-0.9609604,-64.49291,67.719574,58.267265,55.616447,20.518007,-67.981255,0.42970657,-9.96912,7.6575603,30.718613,80.363495,89.5615,52.389378,-95.140884,-36.24989,-10.663605,92.076805,119.33984,-39.395752,-48.688347,25.075096,-71.94302,-88.74245,104.733215,5.5044174,-35.744854,-20.381813,-40.933167,93.78831,165.14496,34.09269,56.009575,-109.04996,-1.1579151,91.2238,22.765005,-112.104004,-41.781918,68.56038,-46.731216,51.039734,-49.617065,47.312874,135.90372,96.83429,12.219065,-26.259659,-37.48444,266.33667,109.24764,144.4318,-104.88452,22.415508
49.642975,101.99523,-53.755157,22.226288,4.212139,-28.489902,106.62493,42.76719,211.45699,74.469765,19.617476,-66.21026,55.244583,-29.238853,-84.601715,26.0,0.0,43.0,7.37,74.40907,107.0,41.267937,-54.869522,137.66924,151.9257,-8.34289,29.097168,43.0,66.1503,0.0,-12.181206,-42.579807,106.19506,26.452568,61.955864,-19.495827,111.39547,53.341778,78.204445,12.175895,-55.51747,164.64278,-23.824566,28.115696,-13.904114,62.868988,-34.228767,-36.37044,-102.764496,56.320553,152.64493,-28.105808,-19.548332,23.51981,228.1942,50.32425,112.66625,36.48413,16.24575,15.337665,38.927002,-42.06193,-75.09246,78.20199,79.10431,52.430466,25.536196,-34.853477,83.438644,-21.011066,24.519543,5.396488,101.53985,58.362568,100.25891,-92.40387,-31.187603,7.5271826,51.32467,129.62775,-84.40653,-68.413765,18.930498,-27.707329,-101.96365,73.357666,-8.825886,-31.440693,-59.95971,-19.60001,120.27329,133.22905,56.076694,41.452488,-147.53477,11.831867,34.004158,11.684121,-50.395737,-20.062744,96.65451,-48.046043,50.868195,-62.999115,70.94101,130.09717,84.735146,32.91826,-35.75179,17.67363,245.53447,101.691925,187.18709,-159.1478,-4.7889156
79.0,96.0,32.0,52.0,11.0,38.2789,-30.43919,41.990067,189.68987,99.0,115.24935,-127.40282,15.0,-9.68293,-170.81381,74.877365,-10.117846,-12.980553,65.32756,-6.33794,76.01988,87.355736,-93.11375,47.241867,96.0,47.0,64.0,60.002327,52.341713,30.351973,-50.628906,-64.48911,149.08745,84.67803,5.0,37.540947,14.0,36.0,10.0,56.860447,46.306236,61.00227,-69.75935,12.934894,35.0,30.683905,-79.6499,79.16457,-62.275208,103.10106,-0.77387047,-75.65806,-81.90394,73.58888,128.8439,72.119675,111.8255,67.71352,78.58028,36.28671,39.51848,129.06528,-63.49566,79.127495,72.507416,108.97065,62.057854,83.4382,129.57271,-7.192827,93.76139,45.88127,128.37694,49.831627,-49.71766,-140.99564,-106.01844,-88.23675,98.06728,93.54381,62.523117,99.439896,75.71556,67.02966,6.139082,208.63228,-101.10327,-45.68577,-105.847885,129.11206,48.290733,163.22957,-20.075516,46.335926,-185.04462,31.701195,122.70489,-54.895103,-96.762566,19.866291,48.165096,-9.667196,82.07522,17.656216,82.24517,103.82879,26.259459,222.9407,-13.223881,-47.43628,344.19794,79.29822,168.01689,-115.23256,11.0
49.069366,101.30575,-29.360771,54.139343,15.844637,-47.84484,19.025295,14.690748,243.7222,92.84436,11.570824,-68.93118,65.16496,34.0345,-85.23426,-10.914764,112.79227,4.5177927,111.50578,43.001392,-7.0348034,20.419956,-31.654766,87.150024,133.5531,14.325422,16.488317,42.260757,75.23668,53.120823,-17.394192,-24.786888,150.7765,-11.397928,66.74784,-36.71952,107.93362,123.31634,83.072556,-12.977341,-78.84746,208.30219,-64.9671,29.035511,21.068514,65.746,-78.56241,-73.55173,-68.1032,48.64087,108.72307,-53.427048,-35.457127,27.817238,205.15617,44.359867,101.64605,47.915592,58.723324,-5.2330685,29.423851,-22.61079,-108.69661,60.022625,74.67117,25.75621,11.558396,-75.23274,68.94429,-46.58596,31.72149,25.629185,72.20656,59.72325,39.839714,-70.88105,-22.788654,-7.59708,77.091736,87.21978,-16.014874,-31.050148,11.632306,-12.323841,-84.17101,88.70658,-21.755165,-25.952866,-26.837952,13.840649,95.37133,148.82076,28.333107,16.958735,-110.96442,36.111046,109.90524,-11.360466,-90.00788,-32.11766,103.73043,-54.950066,26.273172,-40.7398,98.43915,117.72315,100.49482,35.590363,4.6327744,7.6011276,254.76576,142.29938,187.16556,-134.96892,13.047865
32.817883,89.53128,-5.262598,21.448317,22.075214,-42.391987,23.83573,64.801506,238.76903,92.37744,46.667465,-54.07685,33.406013,-8.410332,-55.733612,-7.377495,113.289314,-3.251337,120.47168,111.06749,38.543594,40.719055,-53.83098,122.21345,137.11906,4.195944,22.245298,80.82985,91.45087,19.740225,2.2136955,-27.743526,122.80071,12.76403,42.38959,17.937351,129.51353,72.37873,92.10432,-25.609928,-71.748314,166.57024,-33.441853,42.71351,8.5402355,54.656612,-1.3791256,-37.111366,-123.208405,21.675213,132.99088,-1.1395817,23.206375,-15.891087,193.77701,78.930786,140.01366,63.29242,16.360008,-3.8065128,45.438812,-62.945297,-80.62139,72.30576,68.646965,26.316168,5.8112183,-37.862175,46.881958,-26.32315,43.76931,53.2695,96.73497,91.16356,58.618793,-68.150024,-35.12666,37.442173,108.35429,107.907616,-34.542206,0.92389107,-17.960396,-45.177338,-65.48784,62.190506,47.790775,-52.842644,-0.5565567,-23.676884,76.69557,161.48653,41.21465,25.555473,-140.69528,9.678101,86.30435,-20.817245,-84.97203,-5.265932,97.10876,-67.13547,1.7009258,-83.65517,87.75552,116.6198,114.08405,69.31137,-17.842636,-42.011265,247.50096,98.05817,165.61041,-121.74626,1.7855396
23.446901,94.75313,-4.5712986,8.565644,15.867359,-32.029335,22.341791,67.45595,234.34004,87.707985,6.12574,-130.59314,26.543232,-30.59988,-84.77043,3.202177,133.00677,-16.308521,99.23374,72.05966,35.89206,76.96801,-62.51966,87.01934,114.32457,6.543702,20.4071,64.135086,70.72829,31.435974,-16.293892,-43.66471,103.45225,-22.635529,39.544952,-16.030499,86.77914,78.20444,76.8934,-17.324211,-76.66422,151.82187,-59.20159,15.600161,-8.470413,63.57555,-10.517475,-30.030415,-74.38581,33.60346,76.4259,-42.662857,75.37312,-12.351826,148.14041,68.46773,151.76578,83.76767,20.138823,-18.985188,30.102116,-27.122368,-114.53374,90.744736,88.41917,30.395357,8.317343,-54.196495,120.03396,17.848303,-17.850979,3.7627735,96.852455,85.72068,16.084356,-112.22061,-53.760414,-52.44718,70.1131,98.2154,-30.167942,-27.0732,-4.640869,-7.1191597,-92.33474,76.38909,36.583626,-60.70082,-13.2376175,15.8844795,79.908875,140.36276,23.160265,84.54912,-146.22578,10.669388,112.411064,-44.367523,-104.376236,-10.909529,86.52869,-62.26973,11.595875,-86.31902,35.81116,119.15318,91.800766,51.815193,0.95957565,-12.4351845,213.47989,122.66124,177.12778,-92.49298,12.638887
79.0,156.27106,59.23964,-8.900642,10.0,-93.8376,25.586573,68.71742,179.69495,98.0,149.80835,-97.436966,4.0,-4.2405415,-94.56225,83.554184,14.386353,-5.9943104,60.166847,-29.174198,11.851049,98.97822,-107.189285,76.95828,88.0,46.0,58.0,14.2659,31.028873,19.56981,-16.462212,-98.7458,78.92441,152.65906,38.210815,58.99003,130.71066,91.38774,71.11597,11.414827,-21.453316,56.563118,-30.457417,52.470226,13.846794,-22.170303,-30.3261,2.0879803,-118.56418,41.86722,-46.52752,-17.001862,1.9141216,55.84923,121.64089,78.91061,77.74488,2.9444904,67.24361,-50.16948,50.36283,50.4364,-60.78598,74.276886,66.776566,108.12181,32.15397,76.20984,159.93138,16.197983,61.586884,20.402489,129.05386,54.533154,-81.23484,-95.88348,-86.691086,-59.56814,61.940678,89.07428,-9.373856,78.13939,30.88226,16.589458,11.248146,87.85951,-28.824608,-80.72708,-125.11351,113.97483,77.764114,110.90559,-62.280167,81.91089,-187.1222,32.50217,157.18872,-57.736076,-131.65749,-15.665924,55.542385,-109.699615,47.73056,-21.421455,87.55851,39.685867,79.39769,178.6982,20.198002,-63.02063,301.5473,92.95276,168.46823,-115.88408,11.0
28.011465,102.454384,-16.28217,34.00596,17.735186,-38.410843,-17.1604,72.19139,232.51845,55.09398,18.032665,-115.56874,48.032375,71.77784,-89.73624,2.2856693,111.10707,13.686675,96.89053,18.84645,42.420296,63.430466,-92.108734,126.65324,108.52724,2.4316196,50.995316,66.16223,86.57659,22.287516,17.948458,-11.276339,128.55466,4.632745,67.81822,48.942772,106.11603,113.60968,95.32757,-14.990414,-75.25246,128.59964,-28.109077,0.7314205,-23.567783,49.03811,-55.325333,-5.2180424,-72.999794,10.197507,69.86401,-63.51927,11.573629,10.641702,180.58563,35.931385,142.19267,69.72157,7.28004,-25.02557,48.51396,-15.195423,-81.30389,89.23029,56.357937,32.036407,-25.387852,-93.46207,142.10371,-18.330017,-0.0423069,-16.065685,103.74638,63.50688,-29.865498,-57.440376,-67.83609,-32.6941,104.18427,101.829865,-4.4161034,-19.32508,19.507778,39.064888,-88.25538,59.527824,35.175404,-73.3779,-51.298286,45.06196,102.41872,145.51608,22.179432,80.07799,-153.51942,-3.6037807,123.75185,-53.420837,-101.6574,-6.2401104,94.63232,-64.55209,25.281847,-75.58659,120.14025,105.96356,115.41904,83.42433,-9.945219,-29.15469,242.21075,105.1626,160.83067,-105.964645,-5.102976
17.11793,72.974335,21.943882,40.77008,10.0,-44.165283,21.219625,64.766,275.4065,42.498947,80.32952,-71.92155,56.6735,-7.3389893,-89.053406,19.183758,121.611465,-10.847479,47.397896,79.32219,14.30649,14.963741,-80.74933,96.96898,80.0,42.0,60.750557,41.484787,21.891047,6.8845882,-16.968159,-59.794083,118.79382,43.150555,59.35124,32.831566,117.58148,98.65144,66.91951,-35.963375,-86.79773,124.91654,10.084036,43.849556,-9.684828,26.402426,-71.624374,-25.363232,-56.5737,40.996414,43.99279,-2.9635067,-43.10569,-5.8511505,149.36415,79.73705,81.36498,34.243275,13.392466,26.011656,41.232292,-22.336906,-67.69112,83.20259,46.027245,33.01425,-1.3331299,-10.470797,85.51999,6.6054907,2.269062,14.084604,70.45703,72.06101,-45.038315,-15.746662,-44.15194,-16.435932,105.9284,82.684074,47.24514,-0.30786896,3.1514149,18.243494,-91.54744,48.7958,-72.98848,-32.070335,-82.66402,43.286106,65.38241,148.30573,-26.590748,95.74429,-190.06406,6.315961,130.58305,-45.928085,-70.75478,4.315069,77.337036,-29.9081,11.893964,-108.056595,57.12893,76.92799,101.93229,42.98163,-12.624218,-13.893093,297.5996,147.18268,136.0343,-94.26073,-11.35663
24.204924,71.117256,4.2382545,18.23639,13.105484,-71.51732,83.34624,52.95271,274.7697,86.31502,4.0925026,-47.766808,38.850594,-3.0252266,-100.82302,18.449196,119.86244,-18.562885,99.17852,27.586079,13.994446,65.53124,-38.838913,125.65077,119.793076,-6.139057,22.096601,38.912407,47.63495,41.17655,9.559382,-47.792442,136.3938,-45.758965,61.89266,18.510376,107.805046,63.97131,92.62889,-43.870903,-100.25626,173.66254,-39.9539,33.857944,-11.477455,96.631096,-32.35708,-31.028385,-57.43194,40.738106,98.670204,-17.957054,31.873314,-38.524574,168.0458,41.49347,143.12201,58.214596,32.82211,-0.8105717,41.76052,-42.36981,-99.61403,37.810608,29.51135,48.053513,-8.647936,-49.01198,136.10794,-25.005127,-8.054571,-1.2638264,74.31474,58.467625,27.026072,-63.133575,-61.88656,-30.624908,73.975296,84.40929,-4.30015,-92.10556,-12.50275,-4.0045757,-90.690094,72.25501,-7.565117,-43.22165,-8.099163,11.531851,36.21698,144.9862,25.531733,94.3079,-169.61903,-21.812252,99.828705,-44.974373,-73.12798,4.515952,97.53838,-54.871315,11.896064,-79.613396,44.67587,115.79641,119.685684,30.736511,-18.787128,-5.000904,244.97166,116.54126,147.68561,-122.27011,1.4628143
85.0,113.0,32.0,55.6667,22.0,-115.879364,22.63084,105.29352,232.52644,97.0,117.31305,-73.80538,19.912628,-21.451153,-161.31737,27.716232,8.672646,-0.9051666,71.064514,-5.0828075,-14.141296,107.83775,-91.288574,74.63544,91.0,46.0,63.0,23.603128,63.507732,21.560741,-42.27166,-64.660965,107.33681,114.8252,56.78481,-1.2621937,177.59355,100.62229,107.12029,24.684977,-2.8705254,90.65365,-32.139523,35.524525,5.3935394,40.754143,1.1665134,19.96057,-121.71312,29.11506,30.849054,-60.383133,-6.862026,40.912834,155.61243,86.319595,103.77442,62.11437,99.60761,-6.868141,52.617504,53.58647,13.8,30.0,1.3,156.06279,37.47226,45.085808,110.746,-64.490105,104.76538,39.844147,109.3974,59.211323,18.943176,-96.46231,-127.49048,-49.38961,62.047085,99.56443,19.75828,77.214714,39.34571,4.1442184,5.0614653,95.096924,1.3,-57.13218,-88.3634,103.249054,20.812813,117.85762,-77.54789,102.60277,-253.50746,-37.09617,123.07023,-13.205696,-60.738472,16.947882,35.252983,-53.302666,67.82751,-40.101254,128.7432,46.69326,88.45792,185.45238,42.61459,-33.606506,278.89508,81.265,152.39433,-169.62083,11.0
33.011425,93.8281,-39.060654,26.562855,19.437658,-63.71438,13.3817835,39.758583,267.35315,95.26606,-12.040829,-72.93627,57.36829,3.4520054,-71.80463,15.8535,92.401405,-9.552849,71.68689,53.299873,41.91034,61.74717,-22.440136,95.26753,118.89526,11.416369,12.060424,45.174026,49.348526,29.45063,-5.982939,-32.747906,102.39547,-42.9438,87.67443,-28.491844,119.05934,84.79964,72.4579,-22.339916,-63.9468,168.86003,-21.798393,19.767042,-6.6371746,67.15001,-24.510674,-26.204525,-84.43484,41.584663,122.3435,-67.43921,-16.689552,15.498415,239.17635,15.827589,190.84229,37.12743,58.01336,-5.954275,19.054873,-5.919792,-84.71227,61.331753,30.312546,27.72814,-4.5928345,-69.80245,79.593094,-13.319942,0.98882294,16.95605,101.02857,84.09,-24.521576,-55.311073,-41.88712,-7.0742474,100.6171,47.44755,-4.702423,-26.589073,-15.600739,3.4114304,-86.02225,99.125496,20.141846,-53.763535,11.744543,-18.262875,85.28706,175.46497,39.94925,102.4062,-154.92297,12.961013,140.87372,-52.161667,-58.935356,-5.416765,86.67394,-36.288185,56.590168,-81.84452,73.44249,129.97131,110.13023,71.38043,12.019204,-50.323135,288.87054,78.95186,164.84337,-76.03267,7.309226
31.74546,103.03483,-22.347069,4.2260857,19.163649,-52.000114,28.03187,10.429679,286.80414,85.84574,-13.304218,-70.54821,32.10614,-37.080112,-59.058784,10.801253,116.93796,-4.8377457,91.00702,95.10302,1.0495968,55.78645,38.914757,123.00956,120.48704,-2.488186,12.950375,33.53508,54.070244,40.028893,-21.877048,-22.664963,110.12309,-57.89589,81.32796,-33.05888,128.22836,83.599556,61.413307,-27.327751,-77.042564,178.87471,-66.53101,27.30934,-13.853439,69.81865,10.552519,-50.462326,-109.76123,24.562197,96.20713,-10.093496,9.02191,-19.432281,177.23901,39.32258,127.518105,52.432198,17.943535,11.3992,30.297377,-20.297112,-64.122444,68.77689,78.02215,45.684227,9.340218,-57.868126,65.137924,-32.355675,10.866805,53.3729,48.953632,88.42766,72.74002,-78.65548,-75.43847,-14.351231,97.40546,107.21791,-48.694984,-70.36543,14.700251,-12.853195,-85.06741,98.0245,35.44958,-40.772976,-4.069662,-38.76288,62.58509,161.01756,85.83118,99.516525,-83.61587,-5.2138214,87.50248,26.96909,-115.6593,-34.290966,79.35203,-59.426483,13.437658,-98.9844,60.38703,107.99428,79.29225,69.11579,-24.804295,-44.657845,232.374,81.477325,128.13618,-87.438095,10.974776
17.419823,112.3607,-5.1616783,16.36959,18.663052,-63.625595,34.420464,48.987362,273.76715,89.425026,-7.1429005,-88.71114,52.9227,-42.302773,-100.64015,11.957617,121.60878,-1.427105,109.50094,31.6976,29.836498,61.564545,-40.58571,147.51169,107.380165,-7.666094,18.807524,75.26218,70.16929,59.98139,-18.683125,-42.550385,108.52856,-28.872623,54.123924,14.852467,147.14838,47.843704,71.82599,-45.48066,-119.1465,171.25352,-31.932232,16.268595,-8.615932,77.041275,-2.8175697,-44.096832,-100.51638,-0.32741737,132.7981,-15.991341,37.978058,-17.821175,179.06505,36.89415,149.45024,21.193615,37.24926,33.22427,61.98485,-53.020424,-69.30245,82.31229,93.38988,41.63347,7.1072435,-30.836636,89.245575,10.976978,22.316563,37.685127,73.531555,83.5641,53.43086,-65.486336,-51.034256,10.199318,76.51157,117.87024,-45.300484,-55.055664,28.817524,-17.771511,-84.08201,69.81773,13.103615,-52.32094,-37.817474,-25.450497,76.11734,139.91565,38.414955,57.78121,-105.04663,-14.081581,95.62294,-6.002987,-74.596596,-42.492874,95.628006,-71.939255,6.6618023,-66.47918,74.07562,146.86537,84.20536,42.232048,-33.81808,-16.467648,232.56418,98.56844,194.19667,-112.2357,2.658661
90.0,125.0,47.0,73.0,25.0,37.5578,19.195133,84.57052,210.63647,96.0,116.97486,-142.05052,44.18612,-6.527725,-165.26027,51.652737,-60.759003,-30.278011,73.12643,-10.678755,37.78521,144.76202,-83.29767,58.9223,111.0,58.0,78.0,58.917656,71.05604,-27.414383,-87.043076,-65.40171,73.92703,68.37854,78.60936,25.710669,234.07094,182.50452,39.201355,-18.204891,31.882723,116.581276,-93.884445,8.871619,56.17718,0.1945095,6.173455,12.593092,-115.664734,29.00061,8.970796,-67.26031,-94.86524,61.415936,215.46227,64.27082,180.12375,34.19519,113.47092,-8.454817,-7.638174,99.7434,-89.48216,102.38818,50.282547,92.57806,-5.917364,16.075947,132.30505,-12.397121,110.50417,1.2336864,144.0,70.84604,-78.7921,-165.39383,-119.59108,-18.59198,123.73132,75.94022,50.722748,150.91045,61.884727,65.98146,36.113525,163.14166,3.9986134,-103.41258,-129.27841,81.67073,-14.431175,226.86751,2.750185,90.86741,-173.64589,-34.299915,158.54617,-59.18293,-13.569447,-18.602253,17.78244,-124.30141,92.54539,-74.09411,22.774033,112.114525,55.194904,222.37833,-31.52893,-52.33483,226.02092,100.03659,226.86348,-56.038994,11.0
37.060585,90.93079,-23.440742,30.876682,20.855179,-60.50139,27.968653,68.707596,275.3271,65.40407,1.5778904,-105.023186,35.50989,39.36357,-69.869194,7.7441387,76.72881,-5.1709175,108.082245,60.939453,33.5551,103.72187,-44.309715,107.499115,132.48257,7.088091,36.76345,55.65548,70.11546,39.93975,-35.632023,-70.50264,160.77791,-17.1759,68.790634,13.667154,143.90485,111.603935,78.00665,-59.98883,-45.50792,150.60385,-9.323393,10.169463,-4.057295,38.219437,-21.448002,-36.101574,-91.9062,20.11931,99.348656,-55.576546,34.51048,24.469913,178.10442,65.21961,166.13783,56.46257,46.111626,-17.296734,61.792458,-30.204086,-69.318886,64.20014,81.44477,22.440943,-3.5019493,-39.021374,91.96025,-54.438576,11.87547,19.569563,82.34054,60.86205,-12.529327,-61.829025,-77.39221,-20.98809,83.9404,106.556244,-11.191307,-35.00745,-32.59603,-16.017609,-87.029785,92.9761,11.109363,-63.58235,-14.405918,26.833502,105.77328,155.0378,44.01658,73.215836,-135.73268,3.4027386,109.22019,-13.753338,-100.40548,-49.45408,85.39132,-73.6885,33.180416,-70.29418,86.01153,145.18558,108.75273,47.192265,-2.2244148,-51.113663,275.49957,94.81778,147.23425,-119.27095,5.43565
32.919605,96.33205,-4.60244,17.242813,20.227673,-57.321213,38.343624,28.575974,266.80188,55.151806,22.330078,-34.071167,42.07943,13.7215185,-69.32788,18.851208,134.52823,-26.783546,107.629074,74.62645,9.714002,73.33156,-60.840965,139.69312,107.977104,6.233981,31.987644,51.40078,66.83421,34.234436,-36.137157,-47.311325,143.47388,-44.545822,64.76842,-40.358345,147.15907,85.809456,81.91113,-25.028511,-56.455193,147.47821,-48.22712,9.319918,5.096732,47.789024,-23.284016,-47.636406,-114.040634,49.890575,115.172165,-10.631014,40.560177,39.01797,183.08035,50.82367,121.93685,59.41632,27.12377,-9.017294,53.47927,-37.623123,-51.659943,70.559525,45.577988,29.089367,1.8371887,-26.302376,56.16158,-22.97438,3.705412,29.46999,49.524952,88.13418,51.350292,-52.434235,-47.122353,-14.382233,104.41868,124.71957,-18.968464,-35.31574,14.045079,9.296699,-100.561714,108.05187,31.694199,-51.443726,-0.8388462,-28.75283,83.33215,188.11644,32.246098,49.38755,-104.33505,0.8075123,99.99718,-15.465103,-108.75676,-30.498425,98.4654,-47.645195,5.451188,-67.43087,70.493454,119.85193,121.079834,36.78616,-12.512737,-36.66846,242.79762,116.312485,161.15707,-125.675766,7.8641176
21.767782,97.14251,-31.116783,-16.432987,20.195309,-63.698982,57.919582,60.392532,259.46384,79.15994,-54.872528,-81.57341,39.601364,-27.717197,-119.20204,13.05663,117.148705,22.541813,103.79915,40.661194,12.171502,57.990837,-14.843338,126.17687,98.45564,2.572691,16.426653,60.541824,49.340607,48.05919,18.01632,-63.261436,108.51469,-40.559868,29.060585,2.1627579,110.19932,74.65466,58.86823,-33.483868,-91.328316,148.86049,-2.461731,34.556026,-9.6124325,49.607666,-19.197113,-28.234097,-80.691315,-9.846632,122.457825,-9.331602,23.424,-27.084095,189.75885,54.47015,155.93022,55.03044,47.86284,16.885216,36.412376,-54.92711,-75.57321,32.099228,50.37964,71.50472,4.5948267,-23.437962,62.710884,-5.172634,-6.001837,1.9051514,71.62425,79.30373,35.72191,-88.348,-41.621758,11.544424,38.42166,100.048325,-13.456226,-79.69039,0.64307404,-15.993881,-100.71936,81.76698,1.5072975,-28.395412,-11.38315,-39.84813,49.25576,128.11247,56.765507,81.689384,-142.96654,4.2775345,94.700226,15.109041,-35.16201,25.616714,78.23399,-54.10108,8.120272,-56.66008,86.327286,133.6748,76.28071,29.544285,-35.935215,-24.573189,255.34235,108.72717,139.1618,-117.839294,-9.011715
77.0,101.0,75.0,83.6667,13.0,-132.5288,0.9027233,68.442215,208.44983,97.0,64.79697,-124.823975,43.35565,27.770363,-110.8419,54.621506,4.6147356,-10.592903,42.37957,45.565346,30.631384,89.49737,-7.2311325,74.65356,101.0,50.0,55.0,74.13606,80.1848,-37.38123,-22.86089,-62.929367,43.184708,97.4421,54.93778,19.487518,234.3251,105.654,81.99797,-47.85215,-4.473694,128.8389,-85.65024,64.43236,24.31253,-17.455196,7.6977234,5.5419283,-150.1517,18.37444,32.13271,-32.998573,-14.905624,47.61238,169.96797,70.449005,146.75777,75.54814,91.59919,-17.881428,45.057213,57.17089,-101.249435,107.07684,63.035328,91.83887,45.879784,90.616264,182.6926,33.87193,88.88602,45.12943,95.53018,48.59978,-43.25897,-88.51928,-91.05472,-74.34843,132.05592,97.549255,59.90926,168.2086,-15.525845,74.960915,-4.43849,115.55493,-34.402336,-54.13205,-97.32941,120.38122,-22.378586,173.55109,-12.759319,92.04409,-173.94223,-38.376434,154.2287,-76.89976,-15.880314,-4.8098087,78.9481,-143.60667,43.387856,-105.45694,66.58736,48.49544,49.31916,167.05907,-1.5501175,-21.818417,278.97437,91.477356,134.34132,-126.732346,11.0
26.072166,59.59595,-1.579174,40.44043,19.289532,-82.26501,19.563105,41.82521,255.43004,105.38827,-24.975903,-107.98271,49.585907,41.790726,-67.00596,-11.579136,106.668846,39.72545,127.021805,24.234802,7.9160004,15.819841,-50.499695,132.5697,132.52228,-1.6590881,40.97259,66.58835,100.91295,55.248203,-24.105865,-44.04212,126.24729,-14.95163,54.551315,7.6445293,126.80212,83.39426,85.8802,10.965188,-97.66083,145.71634,-27.464409,23.452862,25.414806,88.35671,-29.405064,-55.12549,-67.63299,29.49221,118.3501,-28.807884,8.675003,16.025661,179.03618,58.022896,174.88536,94.77793,34.444393,28.003342,-10.126099,-48.18763,-82.879524,121.437836,67.52773,22.460018,14.729818,-80.70924,95.553246,-17.621704,-6.3367367,46.850243,96.90728,49.288216,4.913825,-80.09732,-46.89296,25.525732,102.59765,107.93608,4.9047794,-28.402725,6.390229,15.314224,-70.90451,73.75761,0.05657196,-49.328102,-25.934898,-12.458054,60.568085,129.36597,49.04648,30.120483,-101.38837,67.2663,120.862755,-39.40438,-67.46779,-69.137505,129.13287,-51.1829,-14.73172,-113.50873,73.24309,137.11761,137.95226,85.530556,10.08736,-26.407166,267.73236,92.06601,207.99434,-112.14168,13.298164
21.096823,87.34768,-12.649685,23.1532,17.479597,-58.69999,28.36054,50.632065,234.51555,68.67201,-5.909588,-121.9362,38.214684,4.04809,-102.02009,-4.5839577,95.14958,-28.492863,116.91469,88.80209,29.576424,53.460594,-29.651047,112.932106,117.852325,3.396492,42.32277,59.913635,98.83269,50.06245,5.748641,-41.842945,100.185936,-3.2029896,53.215374,5.3247414,128.90945,65.53056,65.169464,-28.047016,-95.78908,142.9919,-34.70781,24.50216,-1.9170437,45.85144,-26.113518,-68.496376,-107.998505,20.345243,101.7693,-27.116581,25.187235,2.6335487,168.76666,88.82448,146.28357,55.725178,32.153286,3.0288448,38.663345,-41.96145,-44.056396,68.62706,85.417206,-3.7140656,-20.79699,-48.55538,86.468956,-20.141014,4.0994377,18.62508,92.076515,55.968494,15.885338,-80.61943,-36.510326,1.7657986,80.273766,93.46737,-18.67487,-8.131844,34.490677,-34.556713,-64.82597,83.28459,54.484295,-43.919685,14.044741,-24.937202,76.431595,149.11588,66.63664,73.78678,-68.340744,-5.7973843,138.40988,-46.98049,-96.856445,-45.358803,76.787834,-29.866402,4.3844776,-80.3772,94.65372,95.264725,105.00799,41.825596,-16.454037,-38.986294,246.05188,136.89984,163.35265,-125.8696,11.144855
25.130558,75.11098,-18.463951,17.883934,24.051586,-45.7574,50.63301,66.81824,225.28601,76.31426,-22.464584,-80.137375,35.8686,-1.7308521,-106.203705,15.955121,89.29335,11.399329,137.90858,26.6138,28.941465,49.80423,-53.09101,125.66415,119.783936,7.548414,25.998991,69.29346,64.00659,45.043243,24.037294,-50.81913,99.66841,-6.1328926,60.259785,27.183313,116.98359,73.170334,78.2366,-57.48266,-55.797737,141.47014,-20.377556,40.01136,17.687944,46.967228,-11.424135,-30.759602,-86.45573,-16.971737,69.41795,-7.544283,63.348164,-13.188297,192.04169,79.78635,147.67105,50.77608,43.24797,-18.779732,57.537502,-25.062393,-81.58577,82.564285,64.61705,25.004944,36.076744,-39.049534,118.81603,-11.11702,31.811043,8.629244,93.626144,78.46475,34.71551,-91.95821,-62.298065,-17.151592,93.37977,109.34595,-22.311474,-16.618011,24.006502,49.83078,-89.98247,107.38255,6.941373,-65.47522,-19.384281,-6.9001446,46.141544,113.62081,71.344284,76.50199,-146.08357,38.491364,109.99953,-51.315987,-88.89593,-17.677715,106.280136,-47.95807,-24.870453,-127.53929,88.09677,158.17932,107.52057,22.685984,11.191224,-1.8809166,261.49707,117.82791,184.44293,-104.84307,-2.4591541
77.0,102.84287,55.83968,-7.52656,18.0,-98.19225,48.304985,123.31398,185.00693,94.0,78.62857,-69.85627,8.761075,-15.87516,-79.46003,42.391872,-9.839319,-12.338848,103.96915,24.86367,3.4777203,108.9605,-151.89655,83.18587,92.0,49.0,65.0,54.426964,53.482758,-11.987392,-25.984097,-62.675705,114.762314,111.409225,64.41928,64.03746,159.8858,95.9197,50.156273,23.095398,-12.214813,73.180534,-25.53275,27.221264,29.68629,-27.749977,0.50097275,-10.7519,-94.07876,9.613501,3.8442936,-12.474663,-6.795767,37.376266,212.36508,85.24654,140.63191,-18.245132,104.90487,27.378906,66.604935,57.60702,-43.9711,86.729614,61.74449,82.81131,28.143078,23.58213,98.553566,-31.832603,137.02422,-2.5471783,133.19563,70.06423,-60.80243,-87.148575,-100.57119,-19.005066,59.72289,93.46275,31.948101,120.11225,32.08185,43.44745,-4.961256,89.82842,-44.45582,-67.271904,-196.92062,85.90335,-11.672031,159.05637,-56.136353,46.5419,-264.87573,-8.554693,144.97511,-96.574814,-59.617416,-10.942492,82.81169,-61.953056,75.69951,-101.52235,129.19806,75.99815,118.251945,165.92961,22.721664,-54.047623,266.3448,113.29306,174.85194,-92.004906,15.0
81.0,84.46137,34.037525,16.678854,25.0,-54.368584,53.300568,75.975464,208.40396,95.0,109.074005,-55.424606,31.953629,-28.908237,-147.96408,39.125977,57.65983,-5.651968,89.560265,18.870325,-18.161114,107.36409,-157.8445,115.903564,105.0,58.0,76.0,-13.000057,47.494545,-34.52539,-25.697376,-95.29884,111.149956,186.06445,49.050163,48.24929,158.61269,89.46894,102.71412,63.62732,-33.77897,83.148254,8.696125,73.16664,-5.073086,15.483832,-12.102005,-1.5490398,-81.01912,37.26837,14.617249,-52.08811,-42.548603,57.822285,183.52652,84.76605,100.34538,-8.0959015,106.89026,-12.289402,38.322426,61.09187,-22.45134,55.90677,78.62727,104.406815,55.160133,-13.302044,112.62224,-76.48594,88.221115,39.843033,129.7471,49.13887,-46.02619,-50.70893,-93.99549,-68.757385,43.17925,79.99341,11.526402,101.13822,53.80353,11.610218,7.7377386,78.167625,-53.972374,-105.00368,-131.0476,41.29653,45.267406,119.94565,-51.951767,85.79668,-223.47572,-0.9095478,135.96167,-68.29018,-81.29102,22.981445,131.63715,-69.57534,36.300453,-74.95658,134.05936,48.3453,153.28871,205.96252,48.675766,-50.79303,336.13666,161.89923,149.51527,-158.52858,-12.682747
63.148453,83.99898,-8.965799,15.66359,24.57967,-17.75145,43.049618,29.062393,224.94954,39.46929,9.951303,-71.462524,60.810413,47.636845,-96.8698,22.0,-5.0,44.0,7.28,56.991554,82.0,40.763565,-78.29703,165.2455,134.07747,14.369902,83.81394,44.0,76.23372,-5.0,1.16,-30.087059,112.66822,16.266642,84.05151,6.4295464,165.22304,131.04758,53.831078,-26.429684,-30.95322,81.020294,-27.831196,31.953846,-13.355564,60.622334,-35.433735,13.0,-70.09813,7.049076,106.40316,16.519516,6.585615,6.61133,207.66252,49.295837,138.42688,46.538292,45.746788,48.37967,46.255753,-19.75953,-55.33481,69.35719,60.163017,39.0,39.0,-69.16649,146.77365,-35.967396,-25.233017,39.353947,217.0,4.7,-22.728306,-49.275932,-62.848984,0.7378807,61.719208,78.74934,-29.636078,-9.67453,42.87424,5.697774,-59.820457,48.82621,-12.639099,-77.71672,0.67129517,-21.627777,58.567463,132.39618,65.870926,58.461292,-124.13968,-24.764675,115.44158,-46.92154,-42.83889,-2.3694344,4.7,-4.545988,31.6277,-128.04735,132.86116,74.80771,147.90955,69.94464,23.654055,-11.087456,298.85608,175.0304,151.30544,-92.980865,-28.095745
30.38466,108.03846,-34.66307,-17.123253,20.456041,-65.72821,61.709515,39.862103,264.70023,82.948074,13.240307,-127.98578,45.75264,-14.190056,-112.89859,21.40472,133.38512,-15.486633,113.799545,91.68619,35.16152,79.74541,-55.61457,161.56433,125.502,0.85152817,27.787529,73.046715,81.594284,26.502253,5.9717255,-35.753345,140.07613,-32.975056,65.36597,-11.116747,117.35579,51.868134,74.16699,-14.167328,-96.0418,147.46153,-38.87075,9.231614,-28.909477,80.2075,-67.31834,-35.373096,-71.337364,46.941692,123.45907,-24.740921,57.442318,-35.777927,187.35693,45.099483,147.71796,39.957436,50.395145,-22.31184,27.65065,-62.179558,-75.41322,77.44358,60.986446,61.83307,-9.262272,-61.198517,93.19736,-32.91668,32.269043,24.16138,83.88269,68.377525,38.294132,-69.53591,-64.49855,-31.624271,107.24992,108.261024,-16.031734,-35.29569,-4.5915375,-3.8657665,-93.83692,85.976166,7.1456995,-48.65104,-21.238369,6.2472916,38.91186,138.47827,71.351974,71.1992,-131.03682,-12.339165,124.331345,-15.643986,-59.12828,41.617508,117.924095,-26.627808,-32.851887,-94.85472,133.81703,119.53367,107.39815,42.67566,1.9707966,15.266533,264.15295,128.64816,164.2125,-110.44972,15.30451
82.0,128.0,53.0,78.0,26.0,-149.98378,13.993523,96.60389,209.3986,96.0,70.80719,-113.267914,9.617665,-38.72471,-159.29552,75.08171,-15.030712,-13.780041,92.15048,27.451077,-4.7805157,115.72518,-81.05454,76.81778,103.0,53.0,72.0,45.649918,59.114185,-1.017765,-51.109512,-89.30418,34.469784,125.79062,63.49415,30.951042,262.28033,102.25126,85.16164,23.800928,2.2276344,150.9596,-40.57987,56.49126,52.241695,9.105714,11.718813,20.896301,-117.41664,-1.7113686,36.692505,-45.90085,-77.43108,35.26648,261.86383,57.577755,137.10101,42.213123,122.5289,-16.76395,45.46742,91.73769,-71.77059,73.999084,24.17832,86.62101,40.271797,36.381386,140.91483,28.13218,121.65503,63.002613,112.28604,67.00412,-2.5701218,-100.83649,-105.35868,-38.533398,101.59231,105.531166,-4.5041847,173.44762,28.535969,65.948975,20.12783,111.71101,-37.880604,-52.666557,-92.41326,100.6389,-15.958981,172.5862,-37.298733,63.29312,-171.2291,-62.676926,128.7543,-48.839546,0.2525158,9.794765,55.515663,-116.379974,64.64325,-137.6802,88.91318,57.958633,80.32037,201.11784,-11.093691,-12.958561,304.0758,102.51041,175.41394,-134.65584,15.0
17.812477,78.548965,-41.532143,24.048153,26.382996,-49.583725,33.107864,37.147995,274.7802,89.53243,-21.25969,-80.223076,49.846565,10.962635,-89.56133,-25.726604,113.99812,20.979403,113.79088,40.614464,3.9772186,29.256927,-48.214096,98.35762,102.90935,13.623362,41.896904,45.62979,97.347565,32.039833,-18.067528,-36.04074,121.379364,17.459044,52.63687,5.0122538,129.97008,115.60636,77.08636,-30.95654,-58.440376,142.53976,-21.761013,39.51119,-3.453804,59.760906,-4.7491074,-48.134605,-98.78604,0.24705696,97.71431,-24.522572,17.225208,12.974306,199.2659,47.212677,167.04828,69.97213,58.650875,-28.19606,30.22654,-19.720474,-68.84289,105.08227,56.679527,32.356953,2.27318,-45.995735,95.29444,-16.967861,8.07524,37.97832,82.35036,61.04938,-19.304665,-76.84486,-59.303787,-9.265451,114.91554,85.53439,-6.1828804,-34.707993,11.729878,33.184143,-105.664566,77.57032,24.129763,-72.76875,-16.995457,32.308853,76.55487,126.16148,55.053585,66.2007,-160.62915,9.501302,145.41656,-35.115334,-80.09541,-42.748756,87.59961,-41.456394,5.356244,-65.60866,61.89472,110.13112,105.39014,77.07446,24.273937,5.5161943,243.99016,110.23725,174.16675,-97.22716,5.594907
16.35123,100.22459,-7.695259,4.1702175,29.625475,-50.637825,-3.7420044,36.706413,258.8376,90.43291,-23.398655,-105.44275,24.46712,-7.646988,-112.41089,14.521923,112.70322,-15.765083,95.113785,23.498476,21.904507,66.85535,-58.358047,126.40848,110.72704,2.264248,42.536777,69.00235,77.1655,-3.4936562,0.58187294,-33.74422,122.92974,-32.280594,43.910637,27.79778,146.4444,80.10462,92.499016,-34.73333,-73.80281,179.91005,-35.630432,34.51115,-28.70393,63.455,-23.507378,-62.221313,-97.5396,-2.0390396,107.99958,-24.402412,61.3659,0.80395126,188.80269,62.461807,157.73627,89.51749,36.479034,-16.876682,62.425514,-26.773212,-85.19616,101.44109,46.951817,4.717435,6.7559347,-48.428314,121.74969,-2.2788734,21.385572,32.609234,73.819145,57.0687,21.315447,-74.83229,-53.64527,-3.1831646,121.70875,72.52353,34.43907,-18.000507,-7.7961197,44.862206,-69.90692,82.59641,23.986681,-48.99794,-13.749081,14.678133,76.03714,94.69854,67.04766,47.456818,-163.17729,-22.168076,144.04968,-22.13549,-46.13247,-41.7531,64.65135,-75.14107,7.075485,-152.13568,76.16295,114.04081,131.58643,47.910812,-12.762184,-24.925293,220.67206,89.931175,158.40375,-120.506714,-7.947462
21.268007,104.90974,-18.018757,2.550705,21.990866,-80.87426,49.712173,38.27171,289.265,100.77528,-11.980236,-124.03488,55.363426,-3.746582,-113.467926,25.947746,128.16887,26.28849,110.17144,64.07565,37.9158,21.985811,-51.58512,141.1908,113.26257,6.8293085,28.95338,71.93378,78.33168,16.334768,37.157093,-32.426064,125.871124,-21.401188,19.74584,85.95283,114.233925,67.760376,99.6384,-40.861195,-119.28876,143.50618,-30.163036,20.077898,-8.166502,34.854366,-14.517864,-65.50095,-97.10064,-9.576447,113.66605,-50.271095,23.78323,8.775446,191.14182,54.46705,151.3734,49.53302,69.4445,-13.235531,32.332542,-31.742718,-49.10666,100.62413,44.626648,29.566925,-11.813564,-35.36146,89.8574,-27.685944,21.380566,29.610611,75.5296,85.7436,43.364487,-45.041237,-58.707184,-21.005661,114.07304,91.75316,1.7108879,-20.144413,4.1663933,-0.6230507,-78.420364,61.096184,15.153096,-12.781521,-28.26212,-53.098778,51.131653,156.14185,78.20758,50.185894,-130.94427,-11.375006,129.89622,-7.327572,-32.317375,-17.16127,97.61818,-30.456886,-16.01429,-80.02892,76.9536,122.61329,110.879776,43.419147,-31.474968,-30.518711,241.05386,86.052246,169.83165,-135.51178,-13.479923
80.0,101.0,54.0,69.6667,20.0,-163.25519,21.531807,109.467445,204.2656,97.0,51.068527,-183.80643,27.347996,-10.421293,-150.51572,56.030186,-37.385403,-34.412853,79.802795,32.45414,41.43421,95.359604,-57.32453,38.304893,96.0,47.0,65.0,69.141464,68.59115,-25.895615,-18.854843,-91.33832,49.642357,97.17626,75.63926,-11.365948,240.24663,111.46772,47.261925,-36.302334,-34.87956,151.96414,-66.9216,1.9053421,28.382212,-29.101585,37.31288,1.391737,-176.64333,-11.220171,-1.8227673,-52.41977,-88.19642,2.9447346,250.27998,46.780178,155.09987,37.123085,92.748314,3.777111,39.24517,84.91621,-99.935776,85.923996,51.483406,52.139084,40.842476,19.521376,135.2236,24.239872,148.43622,25.22404,107.21403,53.431683,-24.087246,-119.526596,-68.47812,-23.945042,136.58493,75.37688,83.09625,138.97864,-7.857212,76.31964,10.809548,161.82,-41.538025,-80.93742,-119.52861,122.03989,-12.483711,173.92552,9.210058,83.66881,-175.0465,-7.8263187,141.28844,-94.85651,-9.151024,-23.036648,27.572487,-130.72368,74.94894,-120.14348,42.0944,82.66502,8.752987,198.6743,-10.328638,-36.34768,284.042,77.64627,174.9319,-32.769875,15.0
17.260946,89.76718,-1.5925655,27.123981,17.862827,-39.330433,46.550068,30.351337,246.87918,76.60886,-12.911247,-104.755585,39.765656,18.895096,-98.28927,9.495099,83.4145,30.92451,135.97047,51.832466,10.519614,55.662907,-46.66723,93.86804,122.17227,1.7122955,39.396675,49.438263,117.79472,37.72082,14.753657,-33.49312,120.12093,-4.3223553,69.47719,27.842546,113.68357,90.825035,91.12066,-4.6005383,-86.90967,154.72511,-25.522022,-1.1072311,-13.01799,37.084232,-67.86865,-64.07483,-73.972404,31.021942,60.757053,-67.23071,8.376094,49.93975,185.94037,49.127274,162.66304,91.72889,21.05858,-8.370924,9.577304,-47.838936,-84.42564,85.13196,38.302593,9.839958,14.7441635,-69.07323,126.34325,-34.56713,8.325577,41.546013,85.71243,108.30776,1.3783569,-75.76342,-46.073257,16.675821,97.91669,105.527245,-16.531765,-31.86903,-11.104271,43.455734,-90.748886,44.747036,52.986294,-73.32174,-19.66774,-9.929277,75.81842,139.22246,29.452438,50.15902,-117.76512,6.612671,130.0585,-26.055115,-64.1922,-14.4557495,103.89624,-26.065128,11.258691,-89.91584,79.12372,89.42575,119.7499,108.875694,7.734975,8.223896,240.45044,139.42636,172.01537,-98.97838,-2.4712048
38.61487,92.10399,-8.81251,27.071701,17.761473,-45.31418,79.7495,67.53609,261.77545,71.69447,-27.056854,-89.15095,43.86045,-4.279825,-51.9293,-7.3945923,105.062096,8.415229,104.40395,91.63687,25.427563,87.93913,-47.094757,115.54134,127.39332,-4.0144024,19.642506,68.8472,86.06163,10.032329,18.214054,-38.618393,117.58563,-29.931599,55.15627,7.3332567,142.7657,70.873184,59.00479,-4.4854507,-69.95686,153.44887,-45.438362,22.317108,-8.129526,66.95307,6.305768,-58.094208,-115.2374,2.8908157,119.33619,-34.146324,53.90675,-7.1021824,170.08798,28.624975,117.30428,52.144005,10.641999,-30.260399,45.93485,-58.180046,-63.625923,49.476192,86.112015,24.050358,-3.7349968,-47.177284,104.91835,-21.891476,-20.47873,55.230484,71.21585,81.48572,42.53167,-101.70933,-62.324455,-1.0289783,70.30035,95.294426,-15.715572,-45.04664,-14.964764,-46.562515,-134.89517,74.29169,52.89018,-53.94938,24.833698,-48.152916,63.913376,151.05934,26.049896,61.594265,-158.4027,-18.276188,92.99638,15.407021,-101.669975,-27.281593,83.432434,-47.61479,-27.186687,-49.593277,41.282967,136.31284,93.38014,47.818977,25.888302,-50.156075,245.76479,93.347916,170.81528,-119.53659,17.523733
34.65438,98.64132,-8.794865,0.13686562,19.088049,-43.12146,64.82692,84.855774,276.1902,92.013695,-7.051544,-72.21302,40.07986,-36.87052,-95.07213,11.70426,95.78171,-14.190407,118.08712,44.95919,43.045715,82.53074,-60.25505,149.50471,145.64073,-5.5587673,28.831799,58.903038,57.46168,26.757023,2.790636,-16.997318,115.240524,12.493891,40.39191,51.267845,118.67697,76.21877,91.04925,-6.0502434,-47.80098,148.7859,-17.555794,35.638374,-30.050343,33.040253,13.42008,-42.413338,-105.21134,-14.501045,117.684006,-17.56837,53.93504,1.9767361,160.66583,89.639084,152.24826,15.0686455,38.701126,-2.314621,33.42468,-35.033646,-33.7946,75.79608,57.475918,25.961178,-0.77993774,-36.978844,100.05544,-32.254456,25.560307,24.524603,72.715515,49.909653,4.7106,-63.322525,-63.523254,-3.9123516,49.03472,121.932014,-37.70915,-37.044228,8.80078,-23.298927,-126.086395,42.32139,55.37586,-22.963047,-56.466026,-36.259125,75.88141,151.2382,48.55751,37.0468,-163.58212,14.698192,72.57434,-11.829502,-79.45729,-17.545044,81.77838,-74.969025,-13.989918,-96.37349,73.776566,151.84885,94.12369,48.833374,-18.953896,-32.61141,231.434,87.454185,188.84233,-124.66191,-6.1897583
75.0,117.751686,40.875183,-4.729101,13.0,-110.86815,7.380314,52.435455,201.28537,97.0,136.96356,-94.55463,30.643888,14.836849,-85.32904,48.848763,3.9143429,-14.068695,79.5992,22.422073,24.733765,90.15343,-99.78592,51.703053,88.0,44.0,60.0,62.27176,62.495403,-22.227192,-28.413483,-90.055664,125.75855,93.458855,54.077614,89.144485,165.1168,116.624626,49.23697,24.677284,-22.059803,86.74475,-9.855183,58.26535,35.905052,10.756199,-6.929758,14.832317,-100.689316,-3.9568138,3.8207397,-11.614609,-28.913963,10.48296,213.75867,70.3853,97.723175,19.281715,97.00052,40.468277,47.429268,46.171494,-24.397038,109.70826,68.16225,85.685555,15.458949,27.78373,115.955635,-15.232319,115.805016,3.9724522,127.86475,63.401085,-58.576965,-93.54755,-50.02688,-29.602875,50.866703,84.11026,19.339825,100.9837,4.4929867,26.841866,17.98149,104.67099,-40.110943,-81.89303,-174.02979,99.638985,54.739056,139.23764,-12.407616,70.31889,-220.25134,-8.3725395,203.18466,-73.86656,-31.834652,6.487895,87.82971,-110.25316,87.63941,-85.89969,102.49075,67.67756,108.02537,203.42589,1.966444,-52.73089,313.22266,68.24048,191.82805,-108.97417,15.0
25.698639,107.3946,1.0172329,42.360622,19.684103,-49.837822,53.939327,30.228054,245.84552,73.757904,20.97855,-125.16768,59.282173,37.345085,-113.239075,-0.27380562,115.631584,6.637246,106.58631,78.319176,26.514505,27.426632,-38.068184,111.92159,120.17887,14.019629,31.018356,32.4512,56.33885,36.342278,-12.484726,-41.531853,112.83234,-22.56837,75.80501,-24.749577,113.855034,85.51067,76.15273,-11.630756,-95.67799,169.63405,-28.18687,46.230865,2.8754597,52.008316,-45.739418,-57.569695,-69.938614,28.988995,77.19293,-34.740677,-27.784828,-4.074938,177.65584,42.95307,162.98608,78.01883,46.19056,-14.868687,33.96836,-46.478767,-87.4498,62.67039,70.807045,49.72316,-18.634724,-51.051956,137.16537,-23.966038,19.353989,5.555567,70.20369,67.2851,-5.8708515,-77.3562,-61.858,-15.111385,78.79901,93.05467,17.523739,-24.791775,0.7824898,7.9686136,-58.953598,69.5956,-10.637865,-64.87315,-19.114952,16.419703,65.980576,143.55524,43.074257,71.05694,-176.12459,5.315218,151.98163,-39.271286,-84.55118,-46.324173,72.68744,-86.30613,17.693579,-58.412865,107.79652,117.48891,109.9218,56.291843,9.988037,-30.112541,252.76726,130.95738,181.2573,-103.59145,11.422918
36.475647,77.7926,-17.52184,27.544443,16.31374,-37.737637,16.345106,57.17319,279.3255,74.79185,41.079803,-104.40987,44.835533,-17.622028,-108.355896,18.480982,114.99767,-5.2566986,126.597046,48.741425,-6.998783,58.56341,-51.913666,144.29153,130.16678,-0.9798603,17.39041,61.173515,54.574253,20.282927,-17.67308,11.276323,131.66678,-22.017899,88.17949,-19.368137,124.157036,105.43464,88.19527,-27.613243,-88.86404,168.54907,-52.820312,16.719442,-7.4820824,48.228516,-10.17853,-58.881683,-82.96784,45.007133,103.40649,-38.67647,4.806596,-6.035925,199.62044,41.616943,139.1464,69.88681,34.134388,-14.390667,41.583,-24.43171,-93.61754,70.24507,45.223232,25.307156,-0.19302368,-46.75367,90.73947,-32.152462,-28.421501,31.707386,65.600266,72.927505,34.169033,-48.53917,-70.35643,-23.092216,103.826675,83.83238,-25.271896,-36.891224,31.216148,-49.177986,-63.5347,67.790405,38.201893,-83.01328,-12.868565,-32.651337,88.029396,155.77734,26.431973,60.291546,-117.53003,-0.66861343,105.970055,-6.770094,-109.98665,-22.993492,65.80492,-44.179337,33.234936,-80.47958,96.15515,116.04776,141.60822,48.583603,-6.144512,-41.75173,241.9918,126.71358,180.37115,-92.819374,27.372154
12.769417,92.14378,-0.51706886,31.143091,28.455193,-72.00834,34.364643,72.363235,263.85974,96.47599,23.41252,-124.98723,44.62894,6.0052347,-103.85573,-8.695574,107.96279,-7.9123363,88.60953,55.94606,11.543531,31.932446,-57.876945,113.90821,128.89407,2.1765594,34.97471,57.25048,89.114914,55.609154,-5.280552,-30.76064,120.42987,-15.593182,58.199867,-5.537569,108.495674,106.93444,81.903,-41.23407,-94.158295,203.28746,-66.58514,-0.8945637,-2.5293636,71.5251,-50.838943,-13.067223,-110.94313,50.09253,99.159676,-28.880352,6.030036,-14.007671,177.10695,75.62739,130.45444,46.7182,40.144318,19.183565,33.50054,-48.12271,-78.17415,61.83206,71.97444,28.768642,-18.320389,-20.30526,107.46035,-25.527843,-3.27248,7.067338,89.65373,93.29821,44.72313,-100.93131,-66.51594,-28.658188,87.28043,121.28583,-43.411495,-27.402218,15.555732,-34.189774,-64.092674,76.27969,15.704338,-82.6777,-24.501526,13.140555,82.15527,156.13634,41.175438,77.31566,-129.90729,-27.569046,101.7563,-19.856354,-119.39601,-1.6477337,68.60719,-73.10454,32.53189,-74.482,65.13789,118.8929,113.671196,23.241447,-0.45994377,-32.76287,248.80032,120.74438,173.47682,-133.93266,3.8453865
74.0,141.81467,45.67913,8.896028,22.0,37.61055,16.929964,103.95937,212.29306,97.0,142.38292,-62.05166,24.0,28.087517,-142.483,63.018303,21.389273,-41.24946,89.73486,29.65549,-9.6255665,81.33986,-160.36523,94.36178,89.0,45.0,60.0,17.581724,29.272373,36.032772,-42.1797,-83.19749,105.78911,154.96169,5.0,9.882856,148.89978,124.96249,11.5,28.14233,-10.196909,84.48859,-74.11194,21.98449,24.799644,19.538332,-15.583317,1.5217571,-98.44725,62.507397,3.9038239,-4.258312,-75.65837,47.811745,141.97635,92.24873,32.5681,19.044106,108.98999,-16.111202,88.4851,74.00682,-54.323875,44.52687,114.18837,102.297356,32.198418,60.300087,122.97854,-25.193794,116.15795,47.897957,117.365616,83.01633,-18.59119,-60.151505,-115.62561,-27.927494,110.555786,101.48152,25.224112,99.1475,77.0293,14.470022,-9.400919,154.64531,-52.003494,-63.326653,-98.8876,46.326862,50.724033,147.08301,-55.246834,46.44334,-199.64899,-15.853153,139.61868,3.5273952,-145.4173,-15.298779,31.243353,-35.771572,27.59961,41.60555,130.18251,85.9429,50.997864,144.01242,13.174952,-68.99544,260.08118,122.608925,157.53554,-187.22594,15.0
26.262558,116.13532,-40.203793,9.026906,25.865225,-44.93721,61.95886,52.938496,229.92046,49.363632,10.044462,-97.92133,57.979393,13.479494,-75.7566,0.2856598,99.16714,-3.0851746,124.31229,83.40753,-15.680325,38.162422,-52.589752,117.70844,105.61897,13.528425,48.00621,25.922148,56.453556,32.977013,-26.44014,-3.6122093,118.20986,8.922122,73.32212,-6.1209717,109.93041,82.94295,77.98672,-2.2964249,-76.91361,149.94803,-39.49701,12.777308,18.260944,27.83595,-21.336273,-58.720924,-62.908203,34.73658,99.52934,-37.981445,14.879406,-3.7303581,181.40245,62.628178,131.38263,71.34375,63.33163,-26.019012,40.23182,-17.985142,-107.054184,71.59688,36.377625,-1.7645855,-7.435951,-96.18944,111.091324,-39.364628,11.468547,33.967285,79.04914,31.974846,10.46046,-101.53143,-94.50829,-17.19426,105.20337,98.584366,33.80857,-7.6809654,7.5625267,35.82872,-109.93579,96.92938,8.334396,-74.868675,-2.4914665,9.083039,116.026794,137.70251,40.19381,105.37072,-164.26186,-10.432079,107.1361,10.2458105,-94.938835,-26.222542,97.28197,-44.086334,17.015177,-77.17119,133.05077,116.38848,108.04215,58.358418,11.712535,-5.513012,212.30737,112.01241,187.39761,-87.66692,10.683551
28.293861,117.58736,-27.197727,12.301988,18.00777,-39.054848,74.20307,54.989635,266.24106,54.825287,4.8530416,-74.52005,57.018257,3.706585,-59.583885,15.214317,117.3541,-4.3115807,98.363396,84.96505,20.65724,89.860886,-24.252487,131.72205,115.00961,-4.7545967,42.63525,64.14896,67.96427,17.076807,-28.429321,-26.261074,102.69285,-25.13366,53.597748,-1.0176086,130.20154,83.29755,68.80852,-5.5860844,-80.23282,125.91088,-22.096645,0.38802147,-8.0828705,68.04412,-21.504635,-56.8079,-111.43732,8.2533045,71.94002,-15.287872,49.026897,13.103947,161.19698,39.018456,95.89409,30.775703,47.794624,-39.193123,69.14447,-43.96875,-74.43062,37.932762,62.046383,25.319145,7.523342,-49.759956,89.49845,-2.4840412,25.943466,23.661846,70.80563,54.851566,28.01484,-64.627785,-70.66207,-8.447561,103.026634,107.44177,-4.475418,-18.432434,-7.2345905,-62.231644,-86.28673,58.29827,55.09696,-60.07395,0.35167694,-5.6536503,60.498123,129.03336,42.071693,81.954956,-139.1442,-18.275707,86.17333,-1.0477905,-81.95965,21.237118,67.96472,-35.67298,-15.578526,-69.1734,101.48869,119.299,95.77051,61.20189,5.229327,-39.910015,228.53784,121.065926,144.98494,-87.76906,-3.405695
15.206331,98.06372,-22.447495,4.2115726,19.680128,-55.738953,70.94239,55.892147,275.66736,61.185295,-4.0840054,-97.91727,30.631134,-2.4062214,-58.469032,-5.28899,133.45808,-12.012924,90.36088,58.31782,20.75111,26.50147,-13.434841,136.1528,93.69886,-1.0927525,46.70983,69.623245,83.31288,36.702747,-18.999962,-47.206436,118.29575,-21.295147,49.15044,38.224274,169.43552,64.94795,63.33941,-50.143982,-96.25286,172.28552,-47.890602,-11.115898,-25.203197,52.97423,-32.42802,-44.734222,-73.02753,9.277162,124.66209,-31.427822,59.953396,-15.015942,176.24759,70.75255,163.62425,68.25485,17.395779,-9.092649,60.63676,-40.143856,-69.823654,68.088104,50.34902,22.859013,4.145006,-82.63875,77.326004,-41.014523,17.923607,41.594933,57.35234,65.65346,-12.194679,-54.631447,-62.00734,-6.511566,70.458595,89.29341,9.737357,-45.216675,4.88175,-8.5466385,-116.4917,82.69383,66.15571,-44.212822,-7.3815575,-11.914818,46.213417,133.76248,29.585945,67.98862,-137.2944,-0.95726204,88.092834,-2.4857674,-92.573746,11.51983,72.572556,-59.144608,-7.7190514,-85.97596,95.444756,124.70732,91.16143,38.684113,13.185498,-24.633526,262.86227,107.051765,167.30843,-152.79314,-25.29652
76.0,126.541756,29.684711,-30.817497,21.0,-114.68642,54.823147,124.52785,201.07796,99.0,19.639746,-115.73309,3.9954834,52.387493,-101.15758,62.566273,4.757756,-26.894379,113.661964,79.56536,18.76057,101.441666,-42.49277,63.676453,111.0,37.0,62.0,70.802216,107.95878,-52.21781,-19.266975,-87.84805,71.462006,66.73183,81.5111,-8.431431,178.06946,87.97429,63.20191,-8.527721,2.1266537,119.06661,-36.545612,10.747431,2.6732159,-2.571125,56.037674,-6.2024746,-116.54323,-22.01482,38.854294,-51.989014,37.417866,29.550945,216.8732,52.590973,175.02457,37.551888,62.908176,-7.320421,48.32225,45.73008,-10.192453,80.06073,59.392952,80.06166,62.113647,-5.1286583,112.279,3.4656677,94.366936,29.263664,119.14169,28.009302,9.785606,-174.01666,-108.49823,-66.57983,116.287384,90.86759,67.41206,101.024796,51.933792,-4.911291,-24.895737,130.02783,-4.64324,-73.70061,-80.37716,46.977673,-22.933773,158.78421,12.645411,111.83213,-211.28514,-16.102959,111.7124,-82.52669,-85.13777,-47.78077,42.491802,-68.44979,55.98411,-121.54295,105.12349,96.553696,79.3813,133.1674,20.929495,-74.56164,254.19975,51.89699,169.32887,-60.87912,-40.039364
28.98021,85.04131,1.228035,21.502579,15.63464,-13.5252,17.024014,57.726868,245.23845,65.890335,3.5772572,-95.800804,51.341187,7.3827267,-75.442764,-1.1481915,120.03109,2.3986073,99.40902,87.61378,41.091087,48.829067,-23.58236,121.5344,125.396355,-4.622736,26.911366,49.86251,59.820057,21.527151,-32.687023,-76.26438,103.68452,-7.4065685,70.56711,-5.988102,135.58362,94.99965,67.93271,-50.391365,-78.61676,120.11104,-55.48632,33.704124,-0.39586258,58.31288,-7.3947124,-57.88822,-68.166336,0.3920021,90.16522,-20.874096,35.46911,12.774124,189.16553,58.654552,198.60214,71.849754,54.71797,-8.804592,37.828114,-20.16005,-80.58875,96.817726,56.055573,25.731098,-4.023575,-49.889015,81.84164,-16.646603,6.401596,28.788368,76.471634,82.60539,27.73113,-66.00339,-49.85456,-1.4570045,86.3514,82.03743,-35.154053,-14.839207,-7.2782955,-29.510033,-99.61751,90.2821,-3.1751041,-51.76803,-28.803139,33.190254,73.864174,121.437874,54.831783,109.456406,-145.80702,-33.154526,122.48336,-59.614914,-70.94993,-17.847729,72.19703,-78.282036,-4.2370415,-139.45871,87.89534,120.18333,111.18416,68.696945,-4.9668865,-36.791462,222.18155,106.52325,136.56223,-118.14325,-17.702156
33.80784,76.35238,-4.809065,14.412347,27.49245,-47.40483,2.0959682,69.596436,256.34656,77.981186,11.766224,-126.34688,52.1224,-3.416626,-84.44608,-17.68608,128.45361,-17.572212,97.63211,36.03066,14.370205,54.90869,-45.848213,128.52515,117.26092,11.189286,29.992249,87.99104,55.730583,27.285332,-11.468187,-15.677841,125.66532,2.6603222,75.76117,21.38413,144.87097,114.69274,89.5349,-51.679085,-107.75604,149.8567,-60.06781,17.278622,-34.676495,60.27095,1.3216896,-53.759613,-99.21869,7.9303036,112.958374,-53.21428,19.272257,-1.5988159,164.48775,35.330353,145.79486,46.051407,16.51984,-5.603676,58.120743,-44.400497,-75.73478,115.94828,52.949642,18.83625,3.8451786,-80.00376,138.87822,8.295969,3.5332031,30.917347,61.832703,81.17804,22.288237,-45.373787,-59.22737,-14.059643,107.745155,77.91342,18.847918,-22.470509,19.97055,11.33929,-78.612045,69.27858,3.2373466,-57.924408,-41.89765,-3.4453754,68.51669,161.5889,74.98448,46.36734,-108.95041,-32.130096,124.71048,-31.335365,-82.925964,-11.038166,48.898575,-72.13888,26.140059,-132.55258,84.03499,130.98286,117.10151,57.686054,14.588401,-56.016685,257.2539,93.33891,172.31331,-97.95052,-10.592247
22.234716,88.90336,-18.936218,7.8379936,18.205515,-32.879128,66.6293,45.843758,292.07202,82.7117,7.112815,-131.27098,34.121426,-1.2260914,-121.24046,3.4818249,121.42875,-2.8000946,120.5495,67.82562,20.875408,32.98687,-74.15547,138.71698,124.86314,12.368777,28.021345,64.84418,114.35404,35.536617,16.517532,-34.551044,120.03092,-48.253944,42.905296,33.18431,109.87402,73.53013,89.80502,-18.250645,-98.05385,141.6792,-53.418915,28.594318,-9.767475,55.16097,-16.99435,-39.357784,-47.16063,-7.161064,103.15326,-45.566666,39.017918,-8.807228,205.15404,38.93682,129.4831,54.27444,37.469364,-16.665695,71.81346,-30.193657,-72.875916,90.933464,77.6569,23.624096,-5.600008,-37.071266,129.92914,-27.957165,11.882114,22.1011,66.546196,62.026344,6.8745985,-95.54491,-73.09205,-40.99924,92.961266,118.91296,10.287748,-1.8412418,49.89599,37.364136,-69.23205,56.931076,3.6083107,-44.24411,-18.79243,-12.558647,54.598515,139.52124,61.840977,55.614136,-146.20279,8.178627,136.41869,-41.69974,-95.5464,-24.044804,66.96565,-32.83791,9.926481,-69.39416,80.41116,121.957825,102.05324,14.763258,4.9304514,-14.015278,226.24083,91.73191,162.91225,-106.95241,-5.053728
85.0,114.723015,42.950775,-3.4300785,18.0,-109.31561,30.516397,97.53659,202.89508,99.0,110.945915,-71.377815,27.666836,27.374907,-109.31923,43.401863,-3.8560543,-21.393074,94.156876,47.13839,32.991135,91.7253,-122.38243,60.345074,92.0,46.0,62.0,24.829973,46.751717,-32.992687,-48.894135,-81.44667,105.27501,122.342094,66.636246,23.926374,161.88158,91.21532,50.20108,26.219398,4.979993,114.25095,-42.807785,41.496437,20.254755,24.233814,23.084263,24.72343,-99.99363,34.726547,-7.1800766,-34.17374,-34.297726,-1.7170124,220.6257,92.35905,137.07637,2.2345085,93.70123,18.680094,63.49542,70.26337,-57.386765,102.2323,49.379578,123.41936,71.116394,38.1024,133.1347,2.5122108,61.626083,38.254173,112.67058,75.87572,-20.66576,-100.62563,-81.735756,-100.827385,66.30498,100.46405,45.81172,94.56684,42.803406,52.622707,15.765112,79.52873,-21.569324,-69.22572,-89.729744,109.905075,-21.983498,150.23486,-50.07225,77.00613,-219.60625,-39.314564,117.18718,-97.40771,-60.532555,-38.45085,108.637634,-24.806301,54.614902,-79.040764,153.79913,51.559746,90.9079,160.50748,21.665401,-22.97176,308.84387,78.19413,144.23907,-98.282036,15.0
22.426659,90.787384,-46.266754,-15.832596,26.82922,-27.9987,12.519802,49.528084,252.2331,69.77442,-25.778374,-101.303566,52.377655,21.389252,-105.83786,29.919725,110.56231,-6.939869,110.96919,69.00269,27.794998,79.342674,-75.78981,119.60413,115.03806,20.701998,23.246328,54.905277,77.83302,27.685013,21.918415,-16.414604,131.2604,17.15643,26.480036,10.984014,116.425156,113.3934,79.37474,-38.21592,-65.25883,141.84059,-21.269989,12.197699,2.3502579,63.845825,-40.04736,-31.823982,-83.87709,39.363136,86.32808,-40.457207,24.871326,23.714317,210.16989,66.30565,195.56203,53.201748,45.224777,-10.5934105,38.8545,-39.04455,-109.93974,96.93803,31.390438,40.381897,-27.576069,-83.69447,86.95839,-27.864944,22.485445,13.070969,86.793945,65.20022,28.157536,-49.663864,-38.053608,-9.440552,68.66325,70.971756,7.512602,14.025597,-7.9363976,49.854057,-113.46518,91.35725,0.43206406,-59.08947,-70.57684,28.58862,52.136723,118.49566,39.639175,112.81121,-152.13338,5.4748344,146.58957,-44.091454,-55.16001,25.49028,113.870995,-9.027643,15.898822,-45.149208,134.88556,143.45222,104.38714,47.45517,-0.008285522,33.032276,234.67856,118.61144,149.07993,-80.37087,-10.978737
84.0,91.0,36.0,54.3333,15.0,-141.0588,4.898205,109.887146,186.0884,99.0,74.74815,-117.17195,26.076572,5.3860235,-175.8262,65.736565,1.9371052,-3.037016,69.13643,-5.3892765,-14.255203,74.670105,-102.56421,58.19645,78.0,41.0,54.0,56.491158,27.487778,-16.165012,-38.515892,-85.03318,67.70123,102.271805,63.89099,16.916191,213.49661,70.92138,69.05635,-4.3329773,-11.171286,125.223915,-102.01269,49.909405,19.66893,7.484206,45.777176,20.50438,-109.381714,48.84228,-21.87035,-36.02199,-45.374336,14.576436,191.9556,54.19463,172.36172,66.275925,90.991066,-18.04338,53.293,90.7134,-113.97502,78.84602,26.11764,109.45347,67.58315,54.96359,176.56221,5.9401884,60.94349,45.594135,124.35384,58.143837,-37.72417,-96.44207,-105.503265,-93.539764,122.549515,123.83168,85.58343,101.82455,56.86106,37.698494,11.739632,121.04123,-46.140053,-54.00776,-62.572815,114.3204,-38.762764,137.66747,-55.913666,102.14109,-166.59439,-18.978863,151.66919,-43.258442,-34.689857,-30.410648,50.014915,-55.718834,60.57141,-81.63379,91.39235,64.8199,84.5985,169.09552,25.961079,-21.727962,299.41833,79.99546,100.2898,-71.27429,-34.764748
21.510822,62.011887,-33.709248,-8.746441,22.21102,-34.10869,62.89533,64.6689,258.303,71.89424,-52.76657,-84.80103,77.47815,2.1885662,-108.39763,10.692168,112.5445,34.561295,106.91827,76.400665,8.37293,71.8508,-33.752934,127.78142,111.30743,4.6413803,24.103437,62.47626,65.71317,-14.444431,-11.792599,-33.89012,142.97852,4.0087814,41.41709,14.976173,134.7734,104.4612,68.095505,-55.359634,-94.52356,113.05973,-20.059986,3.333414,-17.985771,53.39036,-27.527367,-45.41655,-111.48807,-11.916958,66.41426,-18.690922,50.349495,25.313698,220.54509,52.722538,187.0535,63.83237,19.274355,-17.646946,27.57388,-47.09749,-92.92837,110.49918,40.319687,35.4853,9.622558,-57.203293,128.9533,-19.965466,79.48133,-14.554691,65.6487,84.46566,4.3878384,-61.252296,-86.71856,-33.125927,66.119934,119.16458,9.078192,-1.8185616,7.0455856,5.9085083,-83.2238,30.780544,-4.087311,-50.780205,-53.17205,18.031675,14.502413,115.45525,53.569893,75.04247,-179.08844,15.699715,134.2714,-15.937016,-11.15814,4.0928326,91.21249,-2.5724926,-23.59431,-88.70319,110.994316,157.11876,128.29004,45.645157,3.3156128,-33.51283,287.8733,111.79153,132.76874,-87.32867,-33.18928
90.0,131.75444,48.659946,4.4345245,10.0,-91.33481,5.00622,123.77528,203.5191,100.0,80.56433,-73.26422,39.77697,11.052968,-109.65042,60.738773,-4.186363,-49.157196,64.64804,-12.424366,6.7980223,103.6048,-104.44898,72.99461,105.0,52.0,72.0,20.698164,34.451008,-43.859673,-48.999268,-106.59659,82.125374,163.8683,36.97003,19.668676,150.86148,88.23182,86.413445,-4.2341423,-5.285616,100.83376,-25.133286,50.26925,19.430618,-40.172787,-7.0462475,21.92346,-94.59582,39.718506,-31.841297,-58.48336,-62.86487,68.836845,211.32605,84.69262,148.08255,19.689169,102.01977,-52.808365,39.857834,67.659775,-48.098816,65.76117,38.827965,110.29308,64.34759,41.983566,173.8308,11.082119,124.64588,34.6429,124.64784,34.00837,-45.165604,-41.113247,-62.44319,-75.384605,102.3706,89.06945,91.42,119.54563,14.450058,24.931133,23.85198,140.61684,-47.294273,-60.062485,-114.30412,98.920135,16.871328,140.28627,-33.66744,159.3117,-230.01112,-24.149101,159.016,-110.84383,-94.3373,-5.5098476,59.470543,-58.411674,52.36287,-82.660446,146.7238,45.431976,135.19672,167.03726,-0.64549637,-26.805454,291.38977,113.16413,140.88805,-147.72821,-36.30395
17.59962,53.923622,-11.274069,33.460617,12.09922,-78.36184,12.407663,44.581104,303.83508,74.69902,13.140472,-86.234535,56.16845,3.556488,-101.8038,21.46913,120.46757,7.5662413,97.819595,63.59822,9.455554,47.739227,-24.647293,122.4637,104.98908,-9.305988,48.88672,23.925692,76.295746,16.992357,-11.200569,-68.58217,136.50403,-15.338268,78.952324,-35.877605,131.97906,88.26376,72.457054,-29.161152,-111.94292,168.06194,-67.56449,56.6578,-7.8297043,92.81408,-18.019333,-39.87614,-75.07592,73.5581,72.74724,-32.108585,25.192131,7.735277,185.48033,6.152938,155.85532,67.83911,37.841118,30.22443,39.228756,-23.71444,-91.37883,72.62538,37.839054,66.882515,-0.7724056,-86.99589,72.52034,1.0790749,-11.576832,72.58608,97.962166,93.95631,12.512139,-16.539276,-45.482597,-17.1236,105.28046,73.68566,-12.902557,-54.79103,-36.538494,4.395405,-65.54859,86.94304,29.19459,-68.484505,-7.2743073,-18.718964,71.665215,119.49943,46.519073,82.7824,-129.49156,-24.365677,108.215256,-2.1598892,-83.16951,-6.749277,108.23001,-9.061556,8.308888,-58.015182,95.54843,112.67768,113.42397,54.361305,17.221035,13.678377,254.04086,136.23566,136.82239,-91.20182,1.8908348
25.630453,106.67726,-12.863152,27.167564,16.156822,-54.31819,64.360275,57.151512,257.28827,83.88974,-14.112621,-120.49461,44.91886,-1.3231697,-74.72121,6.9483414,115.54957,8.96339,111.19078,92.20062,33.901665,22.222483,-46.25466,121.35435,128.66052,-7.0300255,30.429735,45.948586,77.8501,14.148447,-20.156868,-33.351803,139.09396,-22.556335,51.373177,-17.659546,120.71696,107.52034,82.14363,24.778805,-78.84574,168.99332,-60.510933,33.29119,-10.825266,72.93764,-18.288303,-48.968353,-82.615906,22.951836,141.79184,4.12685,-22.578201,-18.30207,148.12088,60.14422,136.59457,80.644485,20.204075,15.153585,57.832592,-55.74755,-59.419785,50.006985,47.85806,51.66096,-22.20403,-45.700592,86.29302,-23.819538,6.7344236,33.157562,67.59505,103.88435,-3.703497,-86.92366,-36.23418,-15.823189,94.41303,78.00908,-14.420475,-28.845036,10.195111,-9.435175,-89.142624,95.30977,56.222088,-56.8425,-29.194698,-27.95005,63.279163,161.84352,48.877968,111.744896,-121.35075,6.365983,93.78631,-49.532814,-108.42514,5.9331417,89.20509,-14.561581,-8.343817,-48.096672,59.430943,122.639145,131.73087,52.542835,17.564405,-44.99803,232.45438,106.30213,156.39252,-103.75586,2.5122967
24.238075,68.66168,-3.69878,4.665593,8.892904,-58.439957,72.69246,54.86258,236.00177,79.029816,-5.3381805,-114.25549,46.414158,-14.961674,-113.48796,1.8372288,120.40189,-4.824707,91.8971,53.85764,22.202105,48.34368,-50.1725,131.2712,117.26996,-0.5277786,21.675089,48.090652,70.491104,33.43994,-28.17059,-52.50939,126.29556,-42.758747,47.005375,-17.626537,135.9794,68.13412,73.227066,-46.282402,-82.129,171.47127,-45.28318,14.6125345,-7.683319,47.637863,-65.851906,-6.9283276,-82.907745,44.18888,113.49936,7.154751,39.00193,-31.541813,161.75189,35.209564,125.071236,31.441074,13.98719,-14.591087,71.760864,-64.99787,-67.41477,89.198006,46.01377,31.113354,-9.28484,-17.212696,95.24193,-1.5712318,22.948757,15.098379,72.4424,81.02872,-6.0865192,-75.80974,-72.23705,-28.750526,66.90627,100.98898,-44.68289,-47.648865,15.446245,-39.589413,-105.44938,72.72607,-11.938595,-76.85924,-19.991795,4.666774,51.060223,141.76608,41.69507,78.03575,-142.15492,9.308119,106.11136,-56.970627,-40.03297,11.013754,108.53611,-34.489544,8.877214,-89.562935,100.720795,104.180305,93.855675,37.5035,1.3638611,5.7780895,279.85724,82.02247,159.33926,-140.47589,3.8153877
77.0,137.85498,51.519135,-7.5655575,10.0,36.5,-2.532837,96.13128,199.56087,99.0,137.90002,-145.08432,41.645554,4.50887,-140.20546,17.722132,29.113068,-15.903404,23.765245,-19.972492,25.068785,72.18262,-94.27398,70.14238,100.0,49.0,68.0,21.211515,40.40313,-32.961365,-69.24578,-113.34184,97.517166,107.193306,54.26083,41.36103,147.77283,128.02153,96.734215,23.482782,32.37331,82.97613,-65.62481,86.75625,20.489613,22.679756,-60.18882,4.194908,-95.86662,38.57612,-23.010143,-21.161282,-27.747307,55.695183,61.81091,77.1946,64.59584,57.29373,71.275696,-25.659298,55.661526,52.534794,-63.423355,130.55612,85.89648,117.933876,31.063244,56.438255,179.72702,28.95205,49.276413,22.282007,137.93362,56.913048,-93.02455,-86.976685,-78.97419,-100.431915,71.33179,115.432396,23.329191,110.055885,48.24182,57.58433,22.904531,132.28351,-15.072117,-83.265465,-104.01785,81.30516,16.182167,194.08167,-39.839638,129.93217,-190.53517,-49.360115,177.63454,-63.325623,-104.32562,-20.557602,96.72406,-134.66022,22.545822,-35.797535,144.97188,44.73604,67.271774,177.89885,-20.230293,-49.59659,282.41748,109.74907,158.06007,-124.3616,15.0
24.392416,100.81659,-7.8055325,29.954191,17.138973,-70.4649,25.148907,42.164604,271.00073,107.76946,27.530003,-127.9949,46.0303,16.751827,-107.74922,10.329273,117.8769,12.572542,108.40934,48.757324,34.722298,64.68725,-3.012825,119.07847,128.349,11.15884,23.454845,55.29957,70.37596,13.868443,-9.309956,-43.9196,110.42959,-29.612423,53.3557,12.854536,134.27159,94.377144,79.84915,-23.675266,-72.351845,168.83035,-57.833305,25.60199,9.078456,69.980705,-6.106495,-37.250465,-50.081,38.43164,141.90247,-37.76385,27.085094,25.589338,168.01402,14.530574,174.9873,89.653206,29.686056,22.156324,42.849022,-29.847336,-123.16759,50.795433,46.094677,41.284904,3.6621056,-50.62774,125.641045,-26.326283,28.300043,64.59183,90.19942,59.8288,24.115826,-74.94658,-78.66336,-25.597767,99.894005,82.6659,3.480133,16.110828,-16.972656,42.854385,-79.79177,65.998566,-13.1685295,-71.28069,13.244933,13.34276,85.41061,158.76857,13.776079,89.501015,-157.37608,-17.893272,111.506615,-26.566063,-66.20859,1.1039066,85.34745,-49.71424,16.109356,-64.71999,73.74672,96.40691,79.20914,76.40163,-1.7413597,-35.83134,247.16908,94.09059,185.56673,-100.17283,-3.4275131
26.464037,82.81285,-30.989384,29.850449,18.157837,-52.79599,26.578161,66.1832,243.4554,86.39241,50.98723,-103.88981,30.835289,-29.846073,-71.320755,-1.3737507,129.73907,26.705517,100.47012,75.29759,35.570137,33.75347,-51.22605,113.44127,131.70494,0.35570335,15.303164,67.41127,86.423195,-7.0054474,-6.51124,-24.606339,110.744026,-41.407047,72.61911,42.331337,151.56392,75.58884,85.02332,11.83348,-80.034546,162.34749,-20.099152,22.518362,-32.1594,86.64789,12.046345,-26.338932,-73.898674,20.64869,119.40937,-46.00528,14.401339,-12.694149,192.1904,15.237385,121.75474,56.37921,24.126966,-13.146839,72.44189,-14.6475525,-75.439445,95.632835,73.811134,7.4058056,-4.0588207,-58.12577,69.072525,-32.36393,19.977274,54.676933,66.350815,79.781136,34.088528,-96.13219,-83.54935,-15.430309,126.268394,115.28453,-1.5356693,-40.75417,26.396667,-29.237228,-97.42837,79.71059,42.127483,-44.669815,-22.905304,4.2782307,86.25899,148.96835,26.90924,69.46658,-124.23761,-17.854965,99.82896,-4.900522,-83.059784,-24.115345,73.046814,-58.125107,29.479183,-69.54807,63.971275,127.28311,108.35217,82.05313,9.801264,-71.65023,254.77829,92.68034,186.91183,-68.380684,-6.1374474
22.545704,92.14195,-7.0009193,13.328077,6.1717024,-69.87219,8.138825,84.715,244.30946,95.308685,18.007843,-99.4165,30.741104,-30.572674,-129.8134,-12.2552185,91.25234,-1.5462856,109.808044,55.521004,43.850647,43.92508,-34.482777,150.78539,144.60065,-5.862808,17.0943,63.58419,72.6791,7.881629,3.9992542,-39.18986,125.55783,-30.512009,48.541878,33.073364,122.648865,80.05565,92.00509,-28.968998,-87.67762,186.70114,-30.237228,-2.1792698,-41.638466,57.308582,-35.628105,-17.249935,-84.54695,7.532222,125.058655,-21.936924,21.74818,-43.318005,153.74359,31.410057,161.14633,23.424633,40.083878,-19.848423,60.726368,-40.255898,-75.510864,106.97246,40.908382,16.558159,-20.81308,-45.673317,96.345276,-33.499073,31.157955,-6.289938,60.193993,54.081936,-8.109249,-89.61953,-57.758568,-14.855396,66.498245,116.24976,-39.53625,-0.59882164,24.677073,2.2963314,-95.52244,64.31736,8.463433,-36.970543,-33.924618,-19.205788,70.490326,135.61827,42.15905,92.12495,-169.62425,5.387245,88.8131,-26.684002,-66.81194,-4.3761272,53.769142,-85.24506,31.138367,-73.47664,73.96356,150.58865,101.6317,47.33988,-15.511059,-51.554848,261.51508,61.15455,201.40765,-100.97498,-32.434875
80.0,127.2981,56.925816,-2.9006805,11.0,-102.051025,-17.210346,59.098797,230.65048,100.0,129.55301,-132.66669,15.418193,11.264965,-99.18736,52.849705,-1.4291115,-10.509924,41.067436,25.203663,17.711655,64.53136,-64.256454,119.54783,104.0,52.0,72.0,43.22307,66.52802,-34.22013,-38.541473,-109.44043,67.09246,105.50222,39.14074,57.450924,175.09003,98.22183,75.925766,2.1724281,-26.153782,91.74634,-52.982475,56.652237,3.635851,-2.4036884,-71.66082,8.361131,-124.846924,4.6732216,-12.640724,-39.197483,-28.826523,22.960806,132.67535,102.87988,97.30826,47.605125,60.570995,3.6019688,57.938633,50.589645,-71.976295,91.816376,58.25014,105.47151,50.176468,45.494167,137.71872,2.311472,46.161552,42.359314,128.24258,45.3436,-79.571495,-97.12188,-51.891846,-61.3127,94.138275,109.00649,50.336823,120.742294,24.17181,42.56714,29.247871,114.025345,-24.924156,-101.87852,-118.634415,81.42967,43.031116,163.3005,-50.824425,105.99783,-203.33096,25.165483,210.5535,-97.16753,-99.885925,-5.8482704,72.767845,-105.8349,35.43937,-99.73266,136.29344,46.90944,113.82308,171.31221,-6.4313087,-70.40346,325.67615,72.29039,179.25186,-132.38026,-26.177643
27.275589,93.75217,-11.848568,19.195965,19.887886,-60.30259,68.30258,63.817364,251.22267,84.136116,23.344652,-94.91223,30.28677,10.407371,-134.79247,13.573124,77.407974,-6.2147255,114.07913,67.50246,47.817265,48.919014,-37.91066,84.23918,128.9537,-3.1644459,43.367805,24.586323,74.673935,34.885445,-7.2718086,-42.886333,149.73407,-13.031063,74.37546,-4.218445,126.415215,89.926346,76.21852,-4.8358097,-113.31979,172.56798,-32.68397,30.938091,-22.979904,55.538467,-64.4671,-23.326252,-67.019775,33.136642,79.438736,-34.612274,-3.571478,-3.9174175,192.72565,57.146255,187.24332,100.06417,71.7973,9.175177,12.650614,-33.31176,-83.462654,81.84369,49.286278,15.315335,-14.690723,-63.027435,77.31047,5.6565914,17.164732,35.880783,90.91032,68.89407,-25.587639,-68.46497,-75.844,-10.240152,90.78737,53.202126,49.875298,-30.55183,-14.041626,26.100523,-80.699844,66.090454,4.6702003,-98.52011,-19.89711,22.633831,78.66397,140.31958,54.994522,88.07456,-139.54332,25.489601,131.40591,-20.454487,-85.47291,6.5935917,96.618195,-47.162796,39.89734,-82.38017,87.48543,97.762886,102.93874,61.42215,4.2280617,0.12344742,247.5127,110.31995,149.28369,-131.12665,5.258521
21.51207,116.299126,-28.543907,7.604805,19.550615,-37.485832,26.122368,60.78937,290.97156,73.914154,4.0529404,-114.90112,57.717438,6.942382,-94.64053,-12.48119,109.69969,-8.9284725,121.826126,62.92949,40.370117,40.56939,-38.835384,108.90985,118.86245,-3.0029488,29.230446,49.598885,84.649345,51.79683,1.5104046,-44.0196,125.52378,-7.09379,44.187843,-7.9251614,127.66715,98.13147,77.63437,-22.217083,-45.14144,153.31508,-30.681423,13.853807,-11.741585,51.350616,-54.99089,-39.66284,-109.03241,16.810928,125.535034,-38.23958,15.775362,32.873295,193.18983,68.18485,155.77823,75.44455,28.507296,4.735548,62.284065,-67.239204,-103.49463,110.42742,62.676804,-19.619667,-14.71833,-54.584618,134.52498,0.87597847,52.429703,18.706696,69.13406,53.25438,26.370049,-90.316734,-103.81865,-13.680988,91.33578,76.782036,-4.574957,-13.82159,37.627678,-15.660206,-105.8483,101.59411,34.080704,-72.92127,-24.43039,11.566843,93.9849,168.51765,49.806084,105.88307,-137.78271,10.489598,104.71867,-37.147034,-104.73724,10.052034,73.64747,-47.257614,0.99310875,-59.43293,98.53325,147.46463,71.539795,47.89913,-19.672718,-10.573793,239.42026,131.93423,167.4031,-127.86423,5.2101345
17.44163,101.95477,2.3643074,22.036877,16.379103,-49.209183,49.55433,73.42932,282.41132,85.31067,15.46029,-109.59654,39.65509,-7.523405,-122.452225,-14.277214,106.95317,6.4240723,115.19884,32.50015,8.588218,45.012337,-71.7967,161.96483,104.466675,2.4631577,26.970951,67.96678,79.33771,28.141697,18.61125,-52.29487,132.1822,-28.18198,63.440216,23.874645,134.13948,102.27191,66.61774,-71.16008,-111.80786,147.4231,-27.85093,1.1633873,-21.11673,72.99434,-47.11149,-61.96885,-64.62686,13.607835,84.97983,3.7414093,26.33045,-11.137161,180.89484,71.09155,170.08284,85.045456,31.946194,-1.9473381,51.150818,-54.715744,-80.33951,66.88363,48.342373,20.69011,6.4329596,-20.693943,117.04258,-24.204903,21.297262,5.294306,94.37211,62.33187,21.557652,-43.96998,-48.939514,4.230301,75.77292,107.691605,-6.6419067,-34.848293,10.489081,-23.361748,-49.404198,87.16757,16.096102,-59.703323,-13.651993,-10.785318,66.79467,152.17825,22.440357,77.14256,-165.09357,-13.554749,113.34284,-31.951305,-77.38042,-5.7812138,65.363594,-75.973915,1.7543259,-77.96897,83.689476,132.61874,90.06466,29.253555,28.826088,-10.409061,222.05621,109.08953,167.26347,-97.58224,1.3032513
80.0,151.92339,48.401695,15.48596,22.0,-68.95632,-12.499126,77.49635,206.11679,100.0,95.23516,-139.10628,16.0,39.34823,-115.289536,57.231144,26.002993,-70.76643,102.84414,19.102564,24.971031,126.57103,-131.29866,92.44599,140.0,65.0,94.0,51.918587,41.114853,17.627567,-43.349957,-76.20955,77.89636,130.41452,5.0,3.4511337,201.66078,134.18735,10.2,-26.104244,-9.595512,153.03554,-90.93756,32.526062,0.2339344,-14.269108,-36.37899,16.962578,-115.04149,71.02907,55.805542,-115.588,-40.782074,43.786873,209.1651,101.62978,95.50254,40.5774,91.409775,-1.9690762,102.4032,57.714783,-56.97325,108.00911,81.20848,-17.781616,59.384308,9.743465,93.02047,-5.461012,97.72418,1.3744946,126.76444,24.274775,-19.03186,-126.64267,-114.94142,-39.95371,146.43277,109.41298,68.89543,146.43616,56.47616,22.868786,24.169857,153.58197,-60.822174,-59.667908,-115.400955,52.473835,10.751089,219.8221,-23.706322,133.94376,-165.62825,-8.712357,83.341,-66.647354,-90.62389,-9.198563,-12.292141,-58.61242,57.303917,-46.83554,121.89617,48.142906,118.18096,118.49657,31.472416,-59.7675,271.7926,80.50273,155.08722,-179.91881,-24.732708
20.994087,65.6696,-42.21255,8.496906,22.666925,-22.725143,15.17293,71.26772,253.73827,59.8407,10.302676,-83.97841,46.69792,24.044136,-102.862114,9.977821,102.037704,-18.741718,91.17542,85.88757,-1.1952744,79.98108,-59.862488,144.49908,108.270546,3.603382,28.673866,59.83531,61.897797,17.270731,30.587934,-54.916405,118.67144,-10.897583,83.17434,33.568428,130.52527,106.23086,57.84483,-35.01183,-83.97531,158.8731,-49.2463,8.742559,-7.5438843,41.109497,-34.898857,-63.42189,-59.7955,15.613991,83.09613,-61.183968,29.05097,19.709555,198.00508,33.600075,162.63818,77.011024,48.993286,-13.50272,57.096447,-21.883137,-88.25066,101.842705,81.2959,39.294113,-7.652952,-61.964798,119.75874,-22.280445,1.8146572,42.809364,93.02092,51.077522,-24.002876,-73.22764,-70.48336,-10.627548,104.00861,83.50184,19.579254,6.504183,18.692276,37.358307,-92.887,76.98859,35.331604,-52.214134,-21.364681,26.222584,71.369965,165.06673,-1.7489395,101.89725,-156.13875,10.8703985,105.40558,-18.62603,-84.37218,1.3264961,90.241325,-18.477085,-25.666626,-94.621,109.29529,135.9674,102.02385,74.106186,-2.2622032,2.3313465,225.07906,109.41875,173.4262,-70.95266,8.2867
35.774082,76.30621,-3.036602,-0.7043686,11.647244,-40.81231,57.72981,47.13366,258.17566,90.94349,6.448084,-103.75941,34.682182,-15.779102,-76.756714,-0.17036629,106.60256,-13.631359,114.54093,40.195908,10.025188,42.33796,-95.4004,150.79248,143.35971,19.777124,18.315517,59.771637,38.73442,24.471264,-14.704109,-45.261856,109.24144,-26.794842,72.62303,-6.8056164,125.62156,78.012924,59.275837,-10.505871,-84.950066,163.60922,-32.8385,20.635443,4.0255947,22.088902,-29.928196,-9.638933,-46.606537,6.4277287,127.249435,8.048125,20.783367,-10.054047,194.09764,44.420437,123.34767,36.09826,42.065742,-3.2722359,58.902996,-61.278137,-85.002785,101.39096,62.6896,15.217411,12.78195,-46.62136,102.593735,-19.31548,21.79203,46.12775,85.96129,77.31218,-0.71278954,-78.982414,-45.47245,8.807195,55.916428,70.26868,-54.965607,-21.093845,21.219719,-16.833035,-100.66566,63.532402,6.882165,-30.757305,-63.72487,-29.46962,84.53572,147.65044,45.76834,71.26769,-160.14476,9.883222,88.25026,-45.724564,-67.89651,7.7887506,67.160225,-44.61814,3.2974815,-64.127625,107.50605,129.18169,80.29573,65.83166,32.9542,-58.201492,258.48944,75.45654,168.29767,-103.916,-2.5018215
29.289677,89.83171,-27.342903,-1.5314884,16.340036,-31.910435,40.031666,81.81601,210.81133,75.901535,-17.02501,-75.10839,47.825066,-25.827961,-65.78366,1.437767,104.38412,-10.091171,102.48396,64.19183,37.578625,82.033325,-103.292206,136.47809,133.34967,-1.4085693,33.977093,65.32526,65.02495,25.779345,-1.6485271,-22.034645,127.23183,12.131528,48.42178,43.73643,94.96051,86.35187,91.39228,-30.066559,-56.084694,120.80481,-16.983856,23.588657,-15.447014,37.697643,-24.623798,-25.365852,-65.612236,-1.4688168,128.27151,-14.374336,38.30549,27.55765,180.11601,63.523125,122.91455,36.345562,43.381794,-22.424114,79.48216,-51.16729,-62.245148,104.48617,66.957565,2.9713535,11.105461,-54.063705,107.75993,-18.008419,49.296867,13.009474,58.975597,49.613777,25.445435,-99.102425,-56.877472,29.54929,69.7413,93.199814,-19.671936,-23.764938,37.33271,-15.630718,-121.85062,89.20543,-5.4549465,-24.52161,-77.16436,-38.762352,92.94252,146.20866,19.550121,48.722168,-184.20146,19.687601,103.003204,-55.886826,-58.98654,-1.6429405,82.419815,-22.36443,37.19891,-63.40986,120.56756,153.12459,79.4591,49.69091,-6.6807137,-35.64847,269.047,104.12366,209.37816,-134.21677,-7.963354
77.0,93.20692,74.62894,-15.716381,10.0,-115.34709,-3.7829514,115.04559,200.07089,100.0,60.57382,-132.03307,24.669483,-4.8092175,-124.99266,20.963968,-16.869858,-37.469337,69.7515,19.854197,19.62179,89.726295,-114.29634,88.314514,118.0,55.0,79.0,79.7727,65.2142,-29.536533,-66.78246,-83.02539,61.56991,86.775665,73.15289,32.194443,197.35237,131.46707,72.05051,-14.539291,-20.73766,109.435425,-79.0471,19.374474,31.566582,-41.35653,7.4186754,19.723375,-99.45665,-26.951656,-9.733242,-50.43161,-2.6319027,33.33803,182.01251,51.58309,121.144875,12.095509,68.32485,-11.961746,47.95945,35.3385,-95.49596,111.27074,46.359512,37.219196,68.831665,26.929081,151.14465,47.93051,103.60579,17.211966,102.56503,36.10455,-56.062874,-145.98601,-66.79609,-64.15261,122.514206,82.24727,95.55687,186.73558,41.86227,75.13312,31.576073,133.4678,-13.57494,-68.20424,-145.80122,79.486885,-11.1942005,192.87524,14.592417,86.400276,-196.90134,-13.760212,133.21078,-83.539024,-11.545393,-55.686646,59.22245,-118.6431,32.279327,-167.50221,124.56041,58.763985,55.90448,175.11427,-4.5833817,-17.869877,308.6786,71.95759,178.94373,-81.112915,-38.138027
18.025616,86.64121,-11.71743,26.833822,22.692062,-53.704353,12.824813,84.53276,227.33786,72.798996,-1.2200699,-116.64227,40.18936,24.552443,-78.11413,-9.286699,106.278175,-3.5884686,116.153885,77.98481,49.287888,65.06654,-34.90423,110.59034,108.32285,-12.996239,28.562757,59.34071,63.898056,34.35042,-3.7147808,-45.461975,146.85443,-20.401081,71.59355,29.212654,127.572105,82.83553,51.52808,-56.111206,-67.4282,126.05842,-17.780804,21.09922,-1.8359165,64.02171,-50.411453,-49.322945,-70.98548,5.0249214,103.94732,-21.383022,47.52884,29.078173,187.73207,82.87631,181.00072,74.439896,52.673107,-5.2706547,12.131672,-18.349686,-80.793495,84.50578,44.324493,22.223743,-5.9770203,-47.340675,100.753174,-15.811508,30.046753,51.392807,73.47381,68.05429,-16.956314,-66.20743,-52.734016,3.3681316,113.52671,84.33976,47.457222,-28.223625,12.428088,15.212637,-104.9919,90.14005,34.811424,-66.87797,-40.186115,32.18305,85.670654,132.80246,48.42389,71.46164,-168.11528,13.093514,116.81555,-32.429897,-81.596695,-32.155113,108.0979,-61.084343,25.856972,-99.42462,53.030445,132.5257,88.79653,88.75158,-5.5835686,-24.642605,232.96274,108.36106,143.93544,-74.62963,8.668054
41.136925,90.512764,-7.1891823,-5.545414,20.079977,-46.167328,9.012272,59.192463,232.12401,76.41695,-9.369547,-73.57966,28.978577,5.849881,-62.834427,27.51452,90.42832,7.8019543,107.216415,50.908573,35.30052,54.29359,-71.30175,131.5084,141.36334,10.347943,22.811787,49.82148,29.369146,13.907235,4.7005587,-55.652847,124.492744,1.6776714,78.308,8.688403,125.682144,84.01471,78.73959,-60.205475,-53.19458,141.5523,-30.997036,18.353468,1.3327274,72.20833,-42.54399,-11.368664,-99.42718,-22.795616,93.47325,-33.130035,28.24347,7.82926,169.34853,64.19043,136.82681,40.823437,45.071594,17.410622,51.645096,-47.633957,-35.344364,94.98298,52.529427,14.469053,37.878784,-45.149467,85.208466,-13.411457,61.15849,35.216267,91.85199,53.15333,4.2916737,-84.73879,-54.37097,-18.142002,85.97352,89.361374,-31.983803,19.239527,30.962471,5.527608,-75.74772,79.83453,-22.600304,-56.488365,-48.206985,-16.651466,95.62619,158.57162,44.41824,63.171368,-158.66145,3.8792725,96.973114,-35.135036,-8.339096,-5.1897354,80.701,-51.83007,26.955622,-93.11809,84.49011,132.81241,88.60447,82.547874,10.609991,-62.342552,260.5536,85.66907,174.8703,-121.26114,6.365308
31.790634,89.15791,-32.531776,14.92153,9.642663,-67.15903,73.92915,40.68032,221.95949,79.688805,20.421577,-74.94312,47.48388,17.287407,-65.914024,-6.112316,123.20909,-3.7666779,104.61394,26.236404,47.61035,58.90294,-77.50489,122.843796,139.07137,2.9320107,22.754232,90.15718,56.515602,31.112257,8.506285,-4.6143703,103.93194,-10.799799,42.584503,30.403126,96.86646,102.93898,75.791084,-34.35183,-71.4797,150.39523,-5.4419937,7.834627,-6.5472565,53.385654,-28.603893,-26.836327,-39.664524,7.7816772,101.38365,-28.17221,41.881744,-13.104393,210.94669,47.15367,149.95537,57.102848,25.713345,49.31327,69.38988,-43.339592,-54.66056,67.38927,63.99166,61.47611,31.676083,-91.9874,44.053864,-28.813416,56.65051,-2.1965904,68.83922,84.10115,28.569511,-59.508316,-46.00937,-49.412613,23.99723,100.55438,-45.609947,-23.45644,35.578983,-5.2741966,-97.917725,74.04329,-13.032452,-34.043873,-83.04776,-45.265602,61.886997,131.9179,74.224655,37.627113,-129.90138,25.709095,78.20647,-6.7855797,-79.833885,-5.893259,60.116566,-18.87574,23.709963,-84.54221,74.830414,157.23018,109.155235,48.015152,-6.575449,-67.1135,257.0622,84.13187,158.53209,-144.40627,-18.549942
77.0,133.00241,71.06276,2.034359,11.0,-103.74746,15.497343,75.97894,207.98055,100.0,117.65816,-98.50981,14.0,55.47846,-77.66913,57.863415,-12.531948,-62.203407,85.926414,43.678444,10.319308,101.764275,-83.7023,75.6613,120.0,56.0,81.0,78.07544,63.145664,21.456057,-54.58586,-115.432495,78.30951,132.82462,5.0,-15.281708,213.70663,117.19891,8.0,-9.508171,0.40334892,123.307526,-42.245495,6.9008265,16.026339,-36.74664,-16.216915,1.5021191,-118.785995,40.06111,44.204838,-40.642788,-89.517685,19.34577,216.32407,102.59951,102.19293,11.075044,109.14515,44.597916,55.67861,72.22347,-65.941826,75.83057,63.687008,53.725895,41.877373,35.52384,112.588524,12.536892,168.49144,-3.209919,132.98212,58.78937,-31.586746,-130.10254,-108.925735,-46.06375,87.24111,102.55955,52.121773,158.17812,10.716477,35.49079,13.227798,134.68399,-91.611374,-69.27728,-146.19289,87.17879,11.072263,208.49077,-74.189735,70.77074,-200.34605,1.1590481,99.87456,-70.79548,-96.6389,-9.173426,52.259495,-54.588165,83.17673,-58.241478,111.16084,74.03584,102.07031,132.04095,32.723087,-62.799988,281.60614,100.2377,131.95032,-164.44316,15.0
36.05506,94.75778,-31.72602,23.50996,16.542334,-46.8776,48.63809,34.406796,263.81427,100.90573,10.659887,-103.34674,54.087963,43.302975,-137.88129,-0.9934139,88.428345,10.055791,146.01065,57.616573,7.414484,57.948868,-53.35318,144.81015,147.31207,-1.5033207,25.22859,60.56917,88.00308,36.379833,6.471781,-29.64019,129.0409,10.294351,58.336475,-20.061867,123.418465,87.306404,83.94981,-4.089926,-92.24399,155.14775,-23.092949,-3.5104141,-5.527294,45.671844,-23.525944,-61.34146,-100.347084,31.409594,136.40016,-32.701317,0.66640663,34.693974,182.80789,76.74676,130.65439,63.182205,24.810661,10.6504755,48.35044,-58.55738,-77.80855,80.84502,47.182846,17.916874,26.5667,-94.0563,96.02755,-56.694443,-19.122593,19.950052,84.77037,85.46191,33.75936,-55.409935,-38.885433,43.662872,72.13292,111.109215,-13.984909,-2.1580029,-11.150875,-36.52211,-66.34744,65.19661,17.194351,-85.70109,-29.520672,-27.229504,76.661224,149.83725,19.307709,47.48379,-148.80826,-13.405769,109.15347,-20.786808,-83.44572,-18.154034,75.51242,-28.523643,-6.019657,-75.40635,99.617676,93.93638,101.03385,65.00617,25.410141,3.2243042,243.93752,169.47696,200.4508,-126.97014,18.506422
20.091812,80.71015,-17.972992,25.705406,16.513916,-70.66472,71.72812,65.44742,273.15308,93.045074,2.9811878,-97.28645,54.65751,40.150524,-103.47305,-0.80921173,97.47099,-16.220322,122.8078,70.77762,1.1867199,65.78961,-58.91584,150.3541,116.467514,-6.8789215,8.628104,64.60399,100.62868,32.13804,22.979836,-29.698788,110.5816,9.838417,49.46354,29.484211,145.23875,82.54999,88.68096,-25.07138,-56.457626,170.60275,-18.708408,12.125679,-18.775318,56.157524,-37.468452,-60.432343,-95.736824,2.5897083,109.27556,-7.7927856,32.07254,0.03890419,205.78558,83.45163,142.91562,53.408916,36.35122,28.429848,57.819717,-44.686104,-67.14301,44.637424,45.614464,46.412395,-32.89474,-43.35936,101.58854,-9.936422,31.218918,27.49964,86.77915,60.90192,24.664371,-82.67263,-55.87645,16.299595,105.92262,85.56192,-8.840591,-5.562958,8.006425,-48.37477,-121.496826,67.947495,16.066147,-33.03866,-4.68651,-15.1195755,90.90246,197.20546,57.702644,55.168575,-114.65427,15.743259,108.942566,-48.356583,-71.4828,9.106302,77.115814,-75.2665,14.93598,-70.04763,93.977234,107.205795,131.65652,54.02599,13.676693,10.539502,253.63065,126.36227,150.24924,-123.142654,2.7404766
24.701162,105.745224,-22.257442,-9.164692,19.373615,-65.478806,58.086308,107.56129,241.80453,73.90748,18.442865,-112.43446,44.55286,37.440384,-88.49107,-11.510111,99.29959,6.5759306,123.758484,99.505844,67.55342,36.189507,-44.763832,170.59816,124.01638,3.4562416,21.913906,93.8385,128.74734,25.338324,-5.449442,-18.241001,114.700615,-38.240833,37.29761,13.134914,126.2538,91.21758,76.41916,-45.566376,-83.849174,108.6282,9.587698,7.385619,-8.355661,34.946712,7.5667686,-42.008945,-115.19481,-16.624111,123.38214,-2.7982826,53.075947,-9.096884,171.63115,72.314865,143.86185,80.37518,8.526984,37.17097,32.897446,-58.65779,-59.758812,90.128815,94.05514,30.210983,37.806797,-28.854359,107.11,-17.78458,19.815874,-22.614357,101.96763,76.70772,62.644226,-95.14831,-98.145905,20.08711,65.00532,112.438194,-17.429974,-29.47359,30.6601,8.464279,-121.70102,70.94397,37.016983,-27.691517,-49.11277,-77.20178,78.38327,148.11148,58.21211,56.984364,-150.0148,22.409443,99.81735,-40.088314,-79.28365,-23.953396,92.85335,-93.80752,20.709787,-117.34984,56.006744,133.921,78.4762,33.66769,-12.874371,-16.180283,274.45428,102.64283,184.49695,-62.35994,-0.85775757
75.0,114.266815,76.09221,-17.297626,10.0,-86.762886,-12.500813,100.87213,224.94914,100.0,59.50107,-150.16815,21.949701,33.08551,-96.52511,53.574535,-10.517162,-35.607277,53.617016,62.03651,21.206024,94.64406,-46.93061,64.60746,117.0,53.0,77.0,72.476,110.04313,-73.6223,-19.203365,-90.782394,66.39212,69.633705,66.83696,62.83283,216.42273,125.165,39.921806,-38.932705,-2.3362026,93.0069,-55.517105,34.84904,24.953625,-18.47511,-3.0937157,-13.172325,-132.30516,-0.002790451,-33.523567,-75.619865,-16.549019,22.99119,207.82231,104.64355,179.12672,26.539148,88.7856,7.718046,24.849129,29.828754,-46.87471,137.9706,65.281235,64.04626,43.844177,23.90777,170.03796,14.614114,130.58736,1.2329388,121.08339,38.226784,-22.729568,-132.8932,-79.45187,-62.82955,141.50586,39.993256,88.67005,123.231735,-1.4222126,65.036865,3.3367481,111.64155,-10.6873665,-78.987854,-115.97821,83.0363,1.8188419,211.32831,15.048553,97.280754,-189.90862,25.638065,171.01532,-99.69656,-7.4889736,-11.643036,45.88266,-135.21037,46.14459,-134.62741,109.34229,48.3374,57.65171,149.98413,12.558978,-41.525944,276.20813,90.7107,170.95135,-104.90129,-39.499157
12.719374,78.41495,1.9025192,6.640004,26.403496,-39.289288,10.829576,62.803112,320.94354,101.99476,9.109593,-106.69131,18.997242,27.239277,-110.2256,-9.681364,57.983673,-11.591721,125.65328,49.57065,29.330929,23.705757,-20.048668,75.32396,93.84661,16.822165,29.218294,34.105316,144.3858,38.818474,32.126564,-33.616306,86.1035,11.782389,67.112015,68.96667,128.51555,92.74663,61.156433,-57.437675,-104.8777,178.48878,22.989197,53.148758,-12.924339,41.861916,17.32496,-49.150856,-112.856094,5.9067974,101.08582,-18.637306,-0.6247864,1.9629898,175.45985,32.826485,195.2006,135.57211,73.58478,-1.9393063,-16.885159,-72.530846,-98.59535,81.64066,75.17107,14.218224,-18.57819,-81.18149,117.665146,26.219429,78.4005,-13.40176,72.800385,79.32042,7.3724575,-103.345566,-56.741898,18.271267,164.15015,74.563286,89.98828,-35.634415,-9.764244,-25.173988,-52.415306,62.716877,25.482243,-87.20968,3.405466,-18.32227,67.507385,163.87625,72.33287,54.39567,-118.20039,59.947155,147.8559,-20.862194,-44.74289,-39.27403,97.401566,-89.51785,58.53521,-114.78032,53.48066,95.424194,106.66996,64.814606,6.73705,9.100718,231.50356,135.80609,182.81032,-54.596123,8.965305
91.93,106.023766,-7.9626675,44.636166,15.305807,-34.417732,217.0618,96.30055,204.09608,115.324646,-24.794292,-91.909035,62.629684,-35.12925,40.336143,21.0,-4.0,39.0,7.33,209.6193,300.0,107.58916,34.593678,49.93452,102.22655,15.858867,31.377544,39.0,134.40005,-4.0,1.18,-3.8728828,50.061157,-105.04388,80.32022,-9.712805,87.40383,42.416115,6.6249247,-52.15538,-8.512997,114.734406,19.97937,14.031559,51.44779,49.388206,75.33699,11.9,-84.681915,11.1,169.47621,0.7,6.166465,1.5,175.16562,29.0,76.71069,4.0,12.0,-20.437714,-24.310059,200.0,14.4,31.9,1.4,-14.816284,35.9,20.0,94.28939,4.0,-80.55746,107.0,283.0,4.9,134.0,-70.92401,-105.93569,147.2919,97.80123,95.33606,-75.37675,-143.09715,65.88139,-133.00102,15.3,3.94,1.4,91.0,42.952187,-132.13092,55.307987,247.64067,33.1,30.2,-137.81503,53.184566,83.27632,47.35408,-58.389664,-0.5286236,4.9,-25.4915,20.533632,-41.734974,87.96948,136.14008,52.399536,-43.447594,-33.155834,14.3404875,191.25157,164.90541,167.17119,-66.00563,-11.844444
27.592546,92.65751,-11.645969,7.718685,8.478373,-51.654747,78.6243,91.31753,228.37099,75.554504,-5.13015,-125.18289,46.34609,-1.4698391,-130.02156,-5.183716,124.4003,-13.189957,123.99977,42.520416,7.2681303,82.87589,-47.455048,144.1615,124.82961,-2.367525,13.559846,70.76274,57.86895,43.13842,-2.5918922,-32.022026,149.33507,-82.96984,51.28971,-7.0570755,112.18985,73.54168,56.0612,-35.70406,-75.62994,141.94217,-35.827873,-37.942547,11.343623,52.261574,13.229036,-32.1816,-117.1875,9.624877,126.44577,-34.029564,64.99988,-34.026375,131.48018,44.485794,139.44879,43.124153,3.233181,-30.701183,64.38692,-48.760864,-70.1707,49.103756,82.54048,16.484924,11.014685,-28.901737,115.918076,-27.58907,-83.16092,-25.66777,68.224655,58.577576,8.994441,-85.9333,-123.8284,-3.2056885,101.45521,98.93025,-8.471439,-32.318066,34.852386,-35.933155,-97.66849,67.95055,12.516018,-50.673065,-29.20544,-6.991316,104.236404,179.52412,24.74227,126.29985,-144.60481,-7.0857964,69.67734,-15.368782,-81.29789,-6.177923,60.06031,-74.25017,17.631544,-42.58458,85.288345,123.92261,48.76521,5.5453634,-21.46289,-26.955513,225.3324,90.76404,181.82797,-66.161674,10.97014
80.0,114.19535,53.23713,-16.25459,14.0,36.38945,-31.81726,86.9954,172.68365,97.0,153.42998,-53.956528,31.854074,7.3080444,-146.62282,42.799156,-9.235714,-9.2031765,24.998447,-14.45723,56.194283,107.01947,-152.57265,82.055756,99.0,51.0,69.0,11.56472,-2.916689,-37.703865,-111.98108,-108.12317,124.881516,153.8982,32.319595,47.696724,188.40266,153.27995,89.996254,60.529522,28.97205,8.633242,-50.087746,19.477304,25.766895,-23.83817,-29.259392,27.025845,-96.066376,-7.5658836,-26.383114,-40.32234,-25.606606,83.98074,102.877625,88.80929,103.25027,6.357932,81.40026,-38.62528,69.47673,85.2546,-28.910755,108.858055,81.81186,121.87615,36.666306,60.793255,160.3007,-14.582493,106.751785,9.087375,130.89952,40.831787,-90.495895,-110.5809,-73.66106,-87.11978,54.25383,102.454254,51.728386,159.8787,78.70028,105.53831,41.840343,151.07335,-5.0281944,-69.52618,-133.48424,65.579956,32.27636,166.97322,-37.3563,97.09934,-196.5968,20.942183,179.70055,-93.28987,-28.97052,-12.72052,78.75284,-98.1798,70.80615,-40.721424,157.70926,81.017746,70.73932,222.72224,-18.671864,-56.080322,283.30658,79.87927,182.51492,-98.45273,-27.883999
2.971571,69.66763,-9.562946,24.234127,26.591438,-69.010185,7.478714,29.30156,274.68552,106.857994,25.544765,-92.65896,34.722412,10.014374,-90.33089,-2.7389164,147.06178,5.7528467,99.631355,65.729614,-1.7334442,42.421265,-40.82349,100.85014,93.86742,19.51606,22.064392,31.79168,59.156715,39.21068,-23.154827,-50.515076,126.6741,-52.989532,73.193375,-16.784988,128.80562,85.36091,57.85824,-27.415745,-95.371666,176.75536,-36.55031,17.13985,9.196422,57.62174,-14.904812,-32.75676,-38.552433,20.719345,78.99695,-50.2324,-5.020281,34.84871,196.79984,2.1243038,188.81248,47.870476,50.575176,0.7707653,43.577213,-20.581009,-119.33566,74.36813,27.48286,8.437845,-27.683838,-61.214645,93.981705,-0.13514519,27.056892,10.161595,62.10506,63.412704,-14.222687,-76.51783,-70.15818,-25.440128,138.03659,56.66059,42.520924,-27.46825,-11.428223,45.382935,-71.275665,42.93329,10.815835,-66.44668,-37.030525,29.91396,65.0765,120.272026,36.857502,67.49826,-120.12221,7.392379,106.261284,-32.602325,-39.023598,-25.539658,93.814804,-75.32068,5.5194864,-95.394196,82.1726,116.0533,96.499626,80.79967,13.180073,-26.601028,281.23584,112.118,152.32787,-50.88273,0.3653679
37.50203,123.3772,-31.95359,14.427949,15.002392,-40.18305,29.454872,96.86688,275.54517,72.86638,20.526978,-83.19796,45.607292,5.431114,-53.73221,2.4188652,105.66243,-21.919415,116.56965,86.994865,28.422628,39.379128,-10.611183,106.04341,132.46199,0.0732193,9.175057,63.12704,45.84635,-0.31027412,-12.637573,-26.081665,125.25733,-16.565247,71.764725,10.625097,121.65938,91.70704,73.73475,-30.237736,-81.38875,127.61998,-7.593895,25.15924,-9.971031,50.593204,4.059208,-11.047417,-81.47327,-7.282366,120.025665,-8.325357,25.813084,-36.886723,192.32573,23.880243,154.79713,44.81166,27.54177,-11.787132,39.271767,-10.7861595,-74.427444,87.899124,69.006256,50.08886,-20.151615,-54.746887,80.02287,-27.263187,21.27484,6.5926247,101.10855,60.35114,17.587002,-79.65697,-48.669586,-11.130724,96.63962,87.326126,-10.460682,-27.876392,-35.837315,-36.707058,-91.88335,92.947495,13.071164,-40.042274,-41.136745,-5.6210403,76.75519,158.28296,33.67241,96.40407,-149.88226,11.826355,72.873245,-23.874111,-87.74243,-10.625761,89.307144,-88.06703,10.552879,-92.9375,96.271736,131.71066,113.74616,53.070515,-21.619503,-87.45917,265.34616,75.25585,157.91086,-79.08422,-2.45257
31.408295,104.98532,-29.471855,11.609831,18.435692,-52.726852,67.63718,106.048515,225.98167,70.49583,19.706133,-97.24634,45.793015,11.840986,-79.17107,-4.1269646,79.2279,44.102478,117.378845,42.602158,12.264537,49.691864,-72.233536,110.95505,131.43347,-3.0771465,34.348824,66.07108,72.78739,17.129528,5.7032337,-38.967052,142.22607,-38.443386,56.48796,16.589834,109.95818,78.636505,52.28659,-15.596836,-67.68898,123.72643,-39.801178,24.0851,-16.135296,43.430527,-6.1453323,-52.35807,-81.11212,-6.3406963,94.475555,-36.234207,71.09866,-43.056755,172.32468,54.561043,157.79729,32.127426,23.13514,-17.036617,72.17524,-29.924171,-56.62316,74.97077,98.014336,3.3557377,29.459839,-45.084137,80.714005,-29.620293,18.779451,-20.591503,79.15593,48.549667,54.079155,-79.42965,-70.01196,-19.800789,68.67204,110.15604,18.372892,-61.513046,54.861694,-12.707287,-93.42137,76.163376,9.644407,-17.87907,-60.341553,-20.485329,90.81128,131.48181,61.187485,78.52428,-134.35925,28.963854,111.86801,-34.430923,-94.65543,-30.12553,90.48467,-49.55271,18.781994,-65.41391,79.2019,152.19218,91.842636,44.96398,-11.586742,-25.56189,224.57132,68.51653,182.65527,-87.82308,-8.490665
82.0,133.45279,79.40369,-18.90755,10.0,-101.41292,-4.644743,99.66649,182.85696,98.0,114.03311,-126.12158,17.0,27.874752,-111.61841,79.96898,28.352812,-57.183,70.22552,29.277836,10.099283,70.59135,-74.216896,63.067806,101.0,50.0,70.0,22.067415,41.98073,8.534253,-51.559174,-117.87041,103.64725,101.602295,5.0,-10.477961,188.24065,116.182045,8.0,-41.08888,-2.6880455,146.82605,-73.11475,35.909348,25.1166,-23.826637,-53.671295,34.384666,-86.14223,47.398537,-3.9260654,-68.187515,-60.815865,17.923626,177.6076,77.554565,112.232994,44.2427,113.77233,10.170574,21.62945,84.41824,-61.200386,60.428215,87.71115,75.88617,52.985203,26.624475,132.34796,-21.852673,103.33723,5.8011436,110.14522,48.23888,-17.286633,-71.48666,-88.57758,-56.3368,81.313614,119.06036,107.189224,148.05801,41.216915,38.19442,18.736397,137.67476,-68.76657,-65.9602,-81.91126,88.480446,-25.599625,169.60199,-50.10463,105.3467,-224.42177,1.8178825,126.64285,-49.659584,-118.23984,3.3223877,15.455929,-87.31377,55.59387,-78.092094,113.77131,42.851837,84.93394,157.05022,-3.8615227,-49.297935,277.20245,98.45354,96.58034,-112.6078,-30.971832
29.087887,108.495255,-16.166164,0.20311928,31.237041,-25.161144,-33.73575,37.532005,222.32426,62.63371,-25.27267,-126.71712,49.67801,53.87508,-86.73605,6.976575,127.51456,0.7620449,110.06239,91.14381,48.21956,61.539803,-74.157425,84.26514,120.453964,32.22023,42.62909,31.837034,53.108864,42.94805,-30.153805,-25.419586,123.4807,52.715816,68.514786,51.026688,115.719604,121.685905,57.23849,-37.904255,-80.61935,139.09839,-21.26062,1.7485695,-6.6303864,21.31009,-34.681114,-46.674217,-73.214264,4.445057,67.97412,-58.411705,-0.42583847,35.18851,199.1715,89.37939,165.89758,66.466965,37.837624,4.590727,28.899647,-30.595585,-90.75468,129.28116,59.799534,34.998646,0.5366726,-52.181892,178.37363,-25.20237,12.794252,23.653118,77.16242,50.605503,-38.071285,-83.74066,-84.55387,9.945386,46.928337,91.73193,47.08377,8.422573,18.25739,48.4059,-74.34169,71.997086,22.73105,-85.76363,-40.2834,-3.5969543,102.74513,149.79015,47.92424,93.2622,-168.4393,-12.482582,115.20422,-35.037827,-82.07995,-35.30602,85.780556,-73.18532,-20.050213,-112.29234,144.20448,106.83705,113.469955,61.102436,-2.7937508,-5.68355,233.91202,154.62941,204.60765,-93.05419,8.018721
23.656822,101.05229,-22.762955,20.532393,14.972879,-56.43406,22.869808,47.151405,260.08374,69.74678,-14.875629,-115.494,41.854965,-25.453266,-66.45234,6.614355,118.30423,15.149992,138.14171,58.692936,23.833998,43.19472,-38.21344,120.80412,118.284485,-3.20434,37.46151,51.06039,60.615505,19.467953,-3.0435162,-21.47837,145.48181,-12.349335,69.22839,9.591189,129.90768,66.838715,57.193043,-8.33601,-71.391914,124.2169,-66.34501,38.52652,-28.13993,67.0242,22.797508,-30.511505,-106.604675,31.209503,96.92841,-11.502478,37.028942,-2.0526714,164.08493,87.519005,129.41235,57.177994,31.183,-31.230595,64.26961,-40.615704,-69.11235,62.016487,80.57974,16.078798,16.46495,-64.03274,106.896835,1.4284115,15.451835,45.86381,79.20209,51.72947,-17.352516,-52.65206,-45.655357,-6.3326263,93.65832,134.00397,-37.01427,-47.875923,40.064014,-38.676388,-62.805466,69.3893,30.975498,-48.02002,-22.551746,-0.43162346,88.10386,144.7286,41.64985,86.07764,-141.77527,-1.4611492,131.28094,-14.395699,-99.848724,5.0409784,71.77957,-51.50537,5.466337,-83.66759,54.107048,159.68414,98.03794,34.60233,21.875477,-52.779182,236.99438,74.53723,196.59976,-103.020836,13.610392
22.268826,97.183464,-23.494553,8.83956,9.737351,-54.977165,6.470829,81.416855,256.3932,84.897675,-35.459766,-132.29298,37.550243,11.965211,-130.97899,8.368545,111.55072,5.490473,88.919075,47.73404,45.918034,52.082363,-67.820984,90.885185,117.07374,-9.154009,16.20176,45.50564,87.81782,13.787599,17.675001,-43.40071,110.07541,-50.49665,57.281208,17.574287,119.04798,87.262596,69.85919,-20.235886,-68.352974,157.41481,-65.482086,13.018626,-28.801926,59.361828,-14.609146,-39.88954,-71.10668,30.814415,106.25811,-1.1675987,65.96176,-0.75489426,144.79367,51.05609,159.20647,78.55417,29.478424,-1.4116344,78.239975,-67.10127,-82.05464,62.04108,88.49682,19.648262,4.8799334,-44.90355,83.634735,-16.779491,-7.9715633,32.33695,90.81549,55.53478,28.810093,-75.13562,-80.10872,-29.058811,72.62395,111.47509,-29.756283,-4.883356,12.847071,32.23298,-111.965225,54.538063,54.27565,-45.3359,-55.2509,-15.787304,58.397076,117.841835,52.310345,115.089325,-166.61534,25.65736,110.851006,-26.327156,-56.255928,20.589565,95.35725,-63.814087,22.470757,-57.658463,74.4094,144.82307,96.01174,49.68211,3.4532146,-30.85191,226.4259,82.641464,204.44493,-82.02144,-7.36327
80.0,115.19694,51.58528,14.09643,12.0,36.38945,16.5934,62.17086,174.87402,98.0,106.002,-112.69168,18.676527,-6.444515,-123.96858,61.522038,-1.0708599,5.7119045,55.0482,22.568132,12.864001,128.57849,-73.58338,60.693344,99.0,48.0,67.0,45.459724,2.3650284,-21.052635,-82.537445,-101.69526,119.480095,115.32951,59.68763,59.64463,148.41989,123.60094,73.59433,74.56514,26.589308,80.13484,-68.14092,23.058592,49.744408,11.512739,7.9960213,17.21392,-70.93239,54.298695,5.8470125,-15.596962,-23.632751,55.66655,136.76591,40.169434,73.98483,17.531916,68.9864,-19.510967,59.574856,91.18508,-35.31394,62.862526,103.778076,100.238594,47.849834,-9.717436,110.05027,-48.36113,61.543797,36.623764,145.52248,90.38931,-69.75464,-66.25459,-77.74988,-93.37979,40.40754,100.69502,54.353374,101.65116,5.467267,20.571918,8.444144,152.6608,-8.766317,-95.014824,-146.07521,91.998344,48.134445,136.6645,-31.466663,117.098526,-182.85056,-27.52314,177.82086,-87.6168,-74.23783,-1.080759,82.95709,-81.88995,67.785614,-34.49312,99.486244,99.818054,74.73902,219.00081,13.071871,-41.94042,309.04724,80.808365,193.33458,-87.6773,11.0
25.721441,58.123005,-13.167007,30.880981,25.618696,-23.896336,8.15267,44.51838,268.14767,70.045,6.8553524,-94.99077,65.14119,48.546875,-114.708664,-5.881563,91.6571,-11.29962,109.825,70.47926,4.920432,56.3774,-35.90943,112.23509,124.483894,3.9149513,45.78463,42.626015,51.49026,47.17276,-18.001446,-56.002533,122.5655,21.528591,84.90591,-33.07205,125.04791,98.2809,58.421753,-2.1511345,-80.97979,155.49583,-67.23066,4.6652956,-15.973366,69.47815,-29.135895,-21.698654,-58.479324,18.550558,91.51503,-5.311285,12.845282,-12.052246,199.95784,43.029922,194.04155,80.91644,67.44211,14.370691,-3.4468994,8.889615,-85.71226,88.12486,68.51642,9.235771,5.977148,-47.738373,92.98764,-65.177864,30.30081,49.712242,93.25806,70.04259,-17.877205,-77.19928,-45.263428,-0.53447914,64.51773,84.03592,66.23596,-43.042995,4.583766,37.992172,-74.73399,81.85307,-6.770075,-65.724655,-14.472206,15.92065,66.10813,130.50558,44.111332,70.3032,-128.8439,31.820461,133.20203,-38.40428,-79.86773,-41.352413,96.735374,-58.851448,1.7789612,-71.307205,107.10475,127.184235,117.494385,81.95691,-3.5819817,-21.88301,259.81158,126.44153,166.96341,-106.81826,7.3822536
24.5154,83.38736,-13.345898,18.14683,5.9717875,-66.05668,81.1727,76.688614,264.87607,97.74605,16.731228,-100.55446,49.56122,-17.836174,-81.09589,-26.476631,111.94821,26.170868,120.29477,33.661026,18.307514,44.724003,-74.05059,112.49765,121.67623,2.8703175,28.298191,86.516815,84.08275,36.69951,-8.265453,-18.114971,83.36482,-22.709827,39.35048,48.661903,128.68265,84.21757,69.443695,-30.036037,-94.21708,152.8594,-54.570076,-11.797646,9.47299,59.387875,-40.41059,-45.33252,-89.77205,12.367399,91.82205,-14.919506,51.408783,-2.9629803,180.04887,47.30992,140.83014,64.74278,34.122,-1.0453491,48.01683,-33.289867,-77.227615,68.851974,91.32229,19.018738,9.456971,-66.889656,82.90076,-39.1419,23.457212,-0.2562256,77.90862,75.78487,-10.745127,-91.44244,-52.869965,1.4685345,90.38424,127.94807,9.862237,-32.660675,44.698532,4.826276,-42.99295,68.98564,6.9708548,-37.354424,-64.573746,-45.99079,39.589478,124.85251,36.30401,52.854145,-160.44939,39.90976,112.981384,-32.12794,-105.12763,-29.606964,67.124466,-31.247372,-9.094238,-113.57918,68.36075,148.27458,137.10968,66.710175,-10.99659,-54.907257,283.07642,126.21916,178.38382,-80.948135,-0.23291397
79.0,124.54301,38.744278,-8.669899,32.0,-76.945564,53.420742,122.84105,233.52509,98.0,53.84582,-53.535477,29.708729,-5.8531303,-88.803925,63.620327,8.015773,0.29663086,96.657776,-18.893692,-22.661373,116.73964,-123.02493,149.105,110.0,53.0,75.0,37.840565,79.636765,-11.425377,-43.94393,-77.24157,69.46043,135.39444,54.72566,46.4261,181.87886,75.84128,62.156498,-17.035568,-30.276398,126.14548,32.537437,8.119684,14.717331,25.55848,-24.15915,-7.407858,-116.12717,29.261297,60.168587,-23.3918,4.6516275,23.452633,216.25275,85.26697,146.07707,27.629326,76.38333,-0.37810707,70.444534,77.75403,-7.2141705,75.190125,44.680885,64.80451,69.673965,-0.7471123,91.81992,-58.815865,130.74268,16.535658,132.92734,53.799564,-30.148098,-82.17766,-93.483025,-44.395943,79.20825,121.50206,40.624786,119.60305,53.974464,-9.022785,6.6533422,74.05516,-34.966225,-68.292145,-156.78601,50.750004,-9.435703,149.15123,-34.256077,100.682495,-217.27057,-39.87531,146.24133,-50.773552,-94.51673,-4.4186077,42.52331,-74.81422,79.75688,-136.1921,103.36551,126.39433,123.627914,180.31335,-4.129875,-24.374317,269.6269,127.555504,140.19739,-122.62491,-50.924545
100.0,117.24664,59.450485,-9.96439,30.0,-51.424126,10.475793,97.999214,196.6876,99.0,80.40802,-87.02984,12.814455,37.991653,-123.617905,47.47033,-12.211376,2.2578468,110.83944,-17.879543,14.316066,163.30672,-148.25842,78.360596,152.0,70.0,103.0,20.392767,70.66571,-40.77798,-81.23783,-97.56451,94.15257,153.33076,49.293858,52.158234,186.8015,129.38821,81.97769,36.93606,-8.543182,89.16081,2.6444721,4.1014957,35.11987,-33.87525,45.448036,6.122486,-139.21431,35.891224,-16.004803,-79.59818,-23.902657,51.464867,274.8284,101.227295,137.77422,-0.8611355,119.747246,-19.328083,93.38577,96.24299,-20.212952,110.18529,74.23135,53.131817,45.994934,-13.030991,97.83975,-20.527046,86.64755,8.266101,167.49855,28.021252,-121.30498,-94.49072,-120.40842,-30.479843,148.0224,81.043106,102.179184,132.18872,51.99527,50.89293,29.000603,83.6192,-51.964676,-95.6425,-148.86662,81.16182,-3.8525639,177.14742,-43.34673,103.98015,-269.04224,-34.281475,141.01779,-104.67297,-28.04684,16.98675,34.675102,-68.98353,72.28366,-123.08522,138.84534,95.02631,116.83452,165.95572,64.46817,-56.660385,278.88123,112.230545,194.62631,-153.48189,-37.513393
22.987732,66.25409,-27.81316,25.87023,15.64799,-46.18734,23.388226,88.40522,269.6281,79.92984,-4.248642,-101.51257,63.72822,64.28245,-80.54951,3.271183,102.17027,-21.722824,137.21982,70.35791,44.35303,71.94226,-51.00341,126.27448,93.537025,-7.3309555,31.85273,13.357994,83.384346,2.547186,-5.7554893,-38.511,137.50873,-12.708519,51.680862,-33.307766,115.12233,112.224075,54.564552,-11.5818405,-73.557045,105.70869,-9.005014,19.413088,-19.41829,44.309105,-28.8289,-59.9131,-59.112495,54.96283,79.16608,-10.754559,-2.0652199,17.457062,231.18864,24.36571,208.2398,78.51836,49.656746,-37.78354,10.3706665,3.1947098,-70.83474,100.29407,37.99736,20.104855,1.8029308,-87.004166,105.39051,-23.344093,33.829346,18.697914,89.850494,64.466095,-19.6624,-43.91543,-88.2915,-11.037102,105.06281,100.81488,46.345505,-44.882484,-19.388874,7.9036064,-64.54123,94.36874,-6.288332,-60.678673,-21.651688,-16.444473,61.05039,135.80737,55.51424,89.67903,-144.78452,-13.73687,76.24956,-37.166733,-77.81955,-4.911873,108.2975,-55.70549,29.616915,-131.56184,117.66556,122.08654,122.755455,84.66453,18.564892,-18.703526,244.33618,114.64516,139.85812,-101.24586,12.11143
31.154678,72.7011,-7.974045,19.338192,19.991785,-50.213272,43.14814,73.74658,278.912,95.56204,10.582949,-101.38436,21.621399,-35.21857,-51.60739,-4.7255306,130.64034,13.35968,128.4642,46.87216,-1.1469154,47.167007,-40.05453,125.4655,114.46551,-4.927067,26.452526,91.82675,66.59897,37.1259,-1.2114563,-30.766052,128.59787,-38.714764,65.7775,16.33629,119.19664,82.964386,58.547894,-10.803652,-76.68243,116.66987,-25.001556,13.645531,-10.213802,67.71669,21.318348,-47.81633,-70.10741,22.231318,65.31339,-5.857065,-14.171436,-0.11169624,209.1033,54.23388,161.72845,53.549324,34.33304,1.0408039,49.38513,-18.043839,-29.737755,96.50499,31.533844,18.43732,30.618076,-40.71244,102.60608,-27.482868,-8.407013,70.129524,96.0831,78.248985,1.4371853,-43.028107,-81.15298,-24.572067,141.03772,82.12511,2.4050503,-62.926216,-0.4562931,-18.875225,-92.01434,97.08374,67.3873,-65.10969,-7.691717,-15.262981,28.683668,174.27892,48.5708,96.142166,-132.09067,-16.359295,130.80206,-12.292065,-112.23273,-34.92641,64.333755,-49.62458,7.5716467,-97.87234,72.574295,141.27774,102.45586,48.501938,-2.0524044,-41.33048,243.28345,84.82591,166.09875,-55.6733,23.660212
18.796234,84.418335,-13.582756,9.876919,19.699465,-68.659515,59.894405,68.60701,258.3404,90.313034,1.0043678,-116.98511,32.95299,-6.8902874,-72.83068,37.109344,105.9902,11.669372,108.056305,34.591568,38.738014,55.578575,-40.32422,106.07857,119.2343,6.1587896,21.722048,64.26752,67.319466,29.69431,26.061201,-11.740189,104.20869,-19.677917,40.458183,70.47714,89.08286,59.16395,92.1762,-50.395256,-62.339508,111.02104,-8.088236,29.758081,-7.7431164,53.31974,-10.624502,-40.20886,-47.125977,-26.586395,103.9417,-20.48444,58.067955,7.2100773,148.56792,65.96692,132.07751,55.389736,12.208023,-0.3851452,26.242266,-68.32274,-63.463554,88.42526,64.832565,12.989739,5.1541214,-67.62726,144.9776,-18.929993,35.786533,26.35815,39.066444,89.10031,-2.7071972,-104.81107,-68.45331,-31.69455,70.02467,107.688034,-22.810265,-32.599804,26.389235,-25.291061,-82.08177,73.687836,42.155754,-23.95745,-83.31512,-2.7310333,57.687237,137.1725,67.03235,51.525406,-124.54289,58.91247,113.82765,-33.85828,-66.27499,-3.2783337,70.572235,-54.08738,-11.987438,-99.39004,66.06389,145.59702,80.06209,66.15045,-30.914661,-57.204926,264.87823,72.75085,197.21846,-103.320114,-10.143333
84.0,125.61144,45.631393,14.606609,34.0,-101.208244,53.482883,115.776184,210.69476,97.0,92.48462,-87.93204,18.872559,-10.802242,-107.18218,43.086494,-3.7537384,-14.25935,105.0307,14.943073,6.158061,113.05441,-112.35086,101.68429,118.0,56.0,81.0,28.435692,46.98809,-18.254143,-49.24289,-74.42733,102.449104,155.94453,53.652046,30.107533,178.0173,78.23103,72.20395,21.432825,3.5987453,108.48172,-31.033615,42.254032,-2.423668,-12.437824,20.594732,-7.324339,-140.73868,44.102787,23.741135,-55.76217,-15.00061,46.72179,253.23502,108.05426,98.887215,-17.257645,108.74313,-1.4306145,48.569324,99.63391,-36.82,109.53481,31.449162,63.296463,31.07948,-18.26371,74.16136,-58.277794,122.49917,1.3794899,117.67433,51.164253,-58.21382,-53.589462,-100.77536,-35.84824,107.89129,89.941025,47.660126,68.68396,37.24029,21.117487,24.557959,100.54861,-11.091484,-90.440445,-128.72533,46.681206,34.38517,158.90993,-47.51181,104.35025,-213.0735,-16.516373,111.972786,-72.201584,-76.88155,-41.8467,51.088078,-66.96784,66.66344,-77.490906,115.27315,100.88211,112.84018,170.91191,5.389225,-69.044426,299.22125,97.36447,153.72652,-148.37502,-49.61741
15.340723,56.93662,-23.060097,22.685581,19.692585,-43.704384,14.894947,42.503998,244.01459,87.803,30.911545,-119.12352,53.019947,39.687347,-83.624466,13.815239,100.88398,4.9887066,142.43819,56.570576,-5.130951,54.73572,-76.527824,104.679756,99.24112,5.1209116,29.488605,31.563744,89.60625,-0.38223076,-7.2318344,-5.441988,129.08278,5.9536953,73.63096,-7.8297977,113.78335,108.03337,56.567165,-39.333725,-81.87132,130.44788,5.0151453,9.020137,-13.57972,98.631676,-25.56211,-39.73439,-89.20509,29.146362,98.3057,-33.29959,-6.9914684,-11.943104,243.95932,70.8114,171.341,48.27909,36.9271,-19.630981,0.8132076,-16.427925,-79.209625,100.580986,36.10701,21.012884,13.616351,-42.236378,98.39913,-12.648354,0.104148865,10.420001,86.69171,51.419174,-7.782593,-45.88955,-58.385117,-2.0691528,157.84404,89.44544,58.903687,-3.5806313,19.032465,35.590996,-82.04841,48.394524,-12.875351,-75.34953,-9.033796,18.520914,66.63711,184.21916,46.03304,74.00068,-177.55147,-2.1487656,111.913795,-36.846855,-37.430824,-7.3047256,67.8056,-95.56233,30.693745,-88.77861,43.925213,90.32915,92.61045,83.190674,10.243497,-23.875694,232.97713,107.597664,146.84659,-55.985046,25.730167
32.150196,115.549034,-4.5123787,4.378496,12.74815,-67.56422,82.86004,64.57526,246.74908,97.59609,-3.595358,-69.446335,70.91412,-12.3032,-80.32375,-10.632978,83.2727,5.52098,131.44086,117.70566,-6.209898,53.882057,-43.78412,119.02315,109.70681,-27.578194,15.754921,38.176514,55.401222,30.753204,-15.375294,-21.911568,126.3179,8.304138,57.189774,-71.23552,127.318565,77.544235,67.86279,-36.558342,-87.57113,160.96123,-59.578552,29.419556,-15.080963,48.500374,-9.365137,-76.37633,-122.498215,17.234383,115.19246,23.781067,34.998375,-3.6677322,167.73738,40.90892,123.62946,26.766668,39.879417,-9.395721,14.525734,-50.882935,-75.23913,-7.235708,59.139328,48.035503,-9.343338,-49.046066,97.76293,-3.3279037,-9.486048,19.906815,67.00083,80.07442,50.005653,-56.707253,-56.05332,-21.207901,94.45178,107.61162,-8.901371,-54.91777,-7.087532,-55.89612,-83.00489,59.038998,15.038866,-64.58469,-19.261967,-33.113323,37.21402,174.85716,61.78418,64.29407,-77.97073,13.530731,107.01165,21.457571,-85.89759,13.892319,72.44414,-49.987167,-13.837135,-81.46386,107.1683,105.26463,100.01659,52.917446,-5.093218,-9.134979,251.66037,136.99677,121.00635,-101.58208,24.20937
49.133385,94.05362,6.329543,22.090742,26.696474,-7.076254,112.80167,101.94477,235.85963,41.01599,12.063412,-149.8818,51.654118,14.83078,-28.9957,21.0,-4.0,35.0,7.36,69.77312,102.0,42.21395,-41.379704,152.24153,100.610405,30.480349,72.54138,35.0,84.89315,-4.0,-41.537132,-6.01338,82.58682,20.353569,52.067726,-0.14727211,154.35017,128.31143,57.106804,-65.006615,-39.975044,104.4391,-16.526886,-10.515606,4.8729725,50.666176,-18.86171,-70.02966,-157.1131,-46.96675,135.83356,-0.36497498,48.326202,-48.153435,165.97954,106.41024,112.76418,56.560776,47.748398,7.7828426,32.804077,-39.62653,-29.455723,50.332764,71.28554,1.7243328,-5.0755997,-4.8398876,155.77518,-73.10163,-31.140266,-73.614456,283.0,100.338196,-32.8832,-170.65915,-110.61163,54.28317,93.938736,121.24743,-61.992653,-43.484894,44.0459,-55.45405,-59.94834,87.66449,65.320564,-74.51376,-66.05267,-76.987915,91.694626,199.52005,53.484364,69.58446,-140.29042,33.087505,101.49772,-76.90561,-77.29979,-30.229275,96.08741,-78.85695,22.896458,-144.9106,96.33295,141.96906,141.15959,38.176365,0.935606,-25.550907,270.79544,115.03621,183.32591,-111.530716,-27.042782
81.0,133.70068,82.23137,-4.72258,18.0,-146.30885,56.55504,99.47305,247.84564,97.0,159.46754,-119.19972,24.303362,-32.57599,-106.279755,48.262726,42.71742,-0.4572544,46.483078,-34.563244,-18.116215,72.87797,-115.244095,109.64048,107.0,71.0,88.0,45.26596,37.711784,-29.708828,-68.910095,-105.84899,114.12009,180.09949,44.136196,54.169987,203.81038,124.22447,74.35137,4.1479225,12.707911,92.330864,4.968396,61.00426,7.843525,-3.59519,-10.497726,10.15253,-134.97617,12.132493,-5.1622887,-46.154648,16.41829,46.22428,157.82413,135.83092,82.47155,19.145483,71.3685,9.919112,93.35578,50.22071,-40.476788,82.99394,45.510464,95.272705,59.18035,80.616844,88.28361,-0.4848423,63.558865,12.821592,141.17258,82.749664,-99.79553,-83.86969,-114.55484,-55.274605,77.60263,77.02188,17.73579,114.79862,40.161438,9.235283,24.868414,64.12023,-18.233105,-80.21165,-165.69002,86.756905,45.09131,192.03555,-83.78956,121.40383,-237.0713,-20.493488,154.8253,-76.01057,-103.78407,1.1803074,77.84711,-119.42316,83.320206,-132.52321,113.80147,73.33992,140.15475,194.44995,16.746054,-66.680084,349.66138,74.6468,168.66437,-124.62094,-48.310493
21.1925,92.88438,-20.904667,13.985758,18.82318,-38.540146,57.322018,55.621704,271.83914,65.46431,23.47544,-105.34695,54.991627,6.5186224,-99.422134,2.4812412,96.59316,-8.794865,128.80905,63.67277,4.4604626,110.22933,-87.59626,119.180305,139.55011,-3.2574196,36.704117,55.05574,78.6743,3.6642628,-16.056087,-34.975124,134.46242,-9.893812,76.84418,-17.68803,139.22417,97.440155,101.225204,-11.090975,-38.82989,180.9201,-40.25032,21.712,-54.670746,97.79094,-23.911728,-29.8989,-76.52663,63.882633,109.36979,-70.45865,9.231136,1.3488312,223.86801,8.498507,127.20754,34.562904,47.42409,-12.312992,25.265602,-0.40376282,-76.32108,79.01886,26.89861,38.516335,-4.30591,-82.08985,69.4261,-13.41774,11.262409,1.5973301,72.205,82.95764,-5.548395,-44.804214,-65.3318,-9.169628,96.92811,94.12379,-1.8876686,-39.883858,8.540488,-4.9622116,-43.80253,68.64972,-15.739937,-93.45,16.563503,-20.282776,94.404976,137.04633,43.304398,92.83533,-160.29451,-16.267132,80.73688,-34.13393,-98.601364,30.026474,91.81198,-41.51244,15.092314,-71.842964,114.58574,117.13035,77.155334,64.31969,-3.1700974,-22.365612,282.95367,84.58026,133.24432,-98.389694,4.2583027
27.687376,82.6364,-23.76944,22.582983,24.004509,-77.32611,30.492458,65.38785,285.2751,69.315765,25.303991,-112.516846,40.596733,-0.29132462,-112.7713,1.958971,114.80688,8.557608,113.46128,67.02161,3.0298653,36.391445,-51.543312,158.0456,122.3225,3.894289,17.20224,46.30111,69.808395,31.203926,-22.96952,-8.547087,93.99168,-35.318295,52.407963,28.401493,140.05261,112.107185,104.095,-10.66144,-48.108986,165.7853,-68.92757,30.756939,-11.5561905,55.53063,-33.947033,-50.00551,-100.377945,30.300175,111.05036,-25.687813,-0.9891205,15.2131195,166.42114,79.207245,165.20946,34.2522,40.804855,-1.4528351,28.639648,-56.71427,-92.686386,80.07364,39.398685,62.997555,-23.592888,-54.29223,73.78766,-11.966896,-31.387451,33.71531,52.905994,66.21893,10.023841,-80.58405,-76.004364,-12.441673,90.60404,89.55759,0.9806366,-2.7609482,9.659401,0.68533134,-100.001656,46.75773,24.15717,-62.69674,-29.30402,-1.8669147,78.43169,149.9548,45.288128,60.053947,-132.19058,7.9408417,101.52497,22.801342,-104.862946,9.525215,76.13164,-65.68896,20.388556,-84.29682,107.5832,101.686264,100.54011,74.79562,13.781854,-16.462837,246.70444,83.54284,131.05151,-109.33971,11.941609
8.810354,107.529755,-20.374367,-8.509794,19.345547,-53.289276,-9.96521,87.75351,234.67271,80.42728,0.766243,-121.45239,13.368835,-19.380718,-124.486725,6.7232485,94.31898,12.606594,124.12073,70.65955,24.453928,42.43103,-31.8693,155.96628,114.18954,14.836014,22.230196,70.31655,93.166016,5.7915497,0.43600082,-39.917744,99.377655,-16.521046,38.149185,-20.837284,109.41497,68.12423,71.73188,-91.551414,-93.01383,168.85443,-18.35011,27.91385,-25.752758,56.876896,6.650526,-44.95883,-98.65485,-6.47838,103.89654,-29.581753,60.43957,-17.230297,160.49457,32.112137,188.09138,96.50128,10.48249,11.623715,62.57089,-28.819149,-108.24568,93.704384,91.8526,4.6494045,-0.82748985,-61.257248,108.07675,5.6132364,33.034798,-7.4986534,80.246376,91.56466,39.575397,-81.564674,-58.1706,-2.5155659,57.914497,102.81258,37.119873,4.7835464,21.647709,33.800613,-98.3523,73.455475,24.349579,-35.591812,-37.772118,-17.14621,105.85799,125.60832,35.66696,115.41647,-174.81906,1.5085049,125.219,-28.821415,-82.28733,29.435562,84.19356,-56.546448,46.79738,-100.66811,75.81641,140.58015,76.44072,33.14167,-21.458332,-47.248627,219.35567,93.03997,142.84686,-86.34219,3.3033028
89.0,109.887184,71.02547,-11.415924,28.0,36.2211,42.261223,124.670006,182.09155,97.0,110.0648,-93.77186,18.0,21.180555,-103.28631,10.929015,-38.3594,-3.71628,100.03795,3.9144096,67.38405,134.00397,-93.26747,98.14504,111.0,67.0,85.0,67.69202,2.1236858,-56.972054,-36.526825,-44.74421,105.757576,111.877846,5.0,140.57257,172.3319,170.5744,8.0,-18.752731,63.336384,50.27025,20.913303,6.6133146,38.75872,-22.947285,-32.186943,6.6623297,-138.7067,33.404526,1.4647713,-47.27855,-91.624756,-12.176666,249.30232,123.51836,119.861946,-13.46735,83.847115,12.118588,46.572136,65.82149,-9.985085,79.65254,86.89083,56.98227,7.6903496,40.275463,145.23904,-46.53119,93.029686,-14.936703,283.0,36.929626,-114.21141,-113.10216,-136.4157,-18.506134,111.10792,66.496704,52.40544,117.848854,13.178219,12.849634,-45.684418,175.22452,-59.96534,-96.6853,-139.86649,83.680786,16.845886,231.25658,-42.095005,96.35403,-271.99023,-24.885593,106.79419,-71.44433,-95.6001,32.71202,-2.9146385,-110.26288,81.74765,-111.1996,168.53943,80.70941,116.45956,165.2773,29.688366,-131.2384,260.1225,80.19301,194.89671,-78.085365,11.0
17.795885,99.260445,-32.164806,13.401194,26.520542,-66.63793,12.708729,30.247139,266.51,100.574585,47.19866,-142.72581,37.712387,1.5645275,-77.71111,-10.085657,120.765,-4.2635384,120.28724,71.72424,27.15379,45.666496,-31.766418,145.55914,118.72903,3.6279984,23.905323,57.06201,53.032055,39.011528,-16.97546,-29.345306,137.34186,-45.704147,73.11959,18.950338,115.74153,105.84237,71.6927,-11.79282,-103.147484,148.92409,-28.618874,41.77366,-19.134415,60.387737,-10.170502,-63.11299,-99.60763,38.434616,130.20256,-39.731876,-7.0158386,0.2443924,211.37924,72.939865,163.64871,96.77754,32.574905,-5.6493034,37.832897,-21.741135,-101.03707,85.24738,49.02069,21.952698,12.577979,-51.55578,93.94012,-14.776203,-2.3884087,41.273346,67.86635,79.275085,-11.64883,-78.324356,-89.28951,-16.06694,141.60883,83.61076,21.118912,-5.412134,14.244432,2.175089,-59.240906,100.82301,25.280434,-111.27551,-34.796963,-13.638634,107.27804,208.56519,52.74368,86.08224,-133.79008,2.0576496,134.78073,-0.5643902,-105.20923,-14.88863,76.98771,-65.09174,35.62044,-92.92328,69.36499,99.2218,84.28657,63.556427,-20.809353,-70.36072,271.31616,123.814156,146.22531,-78.011,17.877811
26.313059,86.9787,15.464972,11.546218,24.35339,-36.329483,12.70105,45.179016,292.7619,96.46272,17.35632,-113.50197,38.459778,-39.25174,-77.538925,5.5257874,103.802605,12.216923,87.96984,101.23763,6.337557,58.558735,19.194199,120.15676,106.37617,0.14517593,25.368383,53.140785,49.39245,31.728596,6.557866,-41.32112,78.71814,-46.71746,56.329235,-3.0067177,149.96204,80.36701,51.306236,-28.087864,-107.33887,195.41753,-39.578434,14.953426,-1.994688,66.67252,11.354265,-45.615723,-130.73735,-2.1066208,117.69452,-10.163912,21.82615,-25.943478,183.27681,49.0207,161.44475,80.323944,23.812874,9.943767,26.896687,-23.664608,-41.53407,84.51504,102.25827,41.91449,0.27978516,-63.431305,97.39105,-10.656406,23.28641,26.922504,72.56026,72.34671,-0.93834305,-94.281364,-80.47564,-9.954409,107.522064,98.508224,8.82976,-46.734863,-14.34594,-6.8962975,-51.089653,81.06965,13.582357,-71.83806,-4.9162407,-45.742958,62.96075,156.11758,66.08353,65.76475,-128.15775,-22.665428,117.73596,-14.127674,-60.518463,-2.2945042,75.53618,-67.75488,39.057198,-85.7788,56.56572,121.014366,117.14124,36.436146,-15.665783,-24.127262,256.50153,123.94186,192.63399,-78.69178,9.809893
33.335045,90.0545,-6.8723297,7.7226114,21.365824,-56.529465,57.5156,81.90326,254.83386,93.517426,15.716237,-62.714333,53.37346,-21.765057,-58.356865,-16.353016,94.09122,13.292318,116.31319,88.69333,-1.8293133,28.448982,-33.06316,141.82889,126.40151,-6.381609,20.956282,57.848537,76.83829,43.6856,2.7589035,-36.157383,99.37105,-12.075935,33.798088,9.188447,145.09772,76.978065,86.80764,-43.382755,-101.42011,173.60982,-21.618942,22.874065,-3.4869194,66.68556,15.0023155,-72.34131,-121.282974,2.0967884,115.850655,-24.76289,35.881393,-2.2896748,191.58162,91.54662,103.90878,69.37118,41.33644,18.957693,56.758087,-36.814636,-59.510483,62.45343,63.193275,8.242187,-1.3778133,-43.706963,69.514175,-38.501144,30.38542,16.331549,78.49803,51.607613,56.748253,-92.60539,-67.81595,-19.585041,86.23207,114.470634,-8.531212,-32.3866,-5.3928757,-26.3377,-58.09256,83.54794,42.332153,-43.920372,-64.01914,-43.55664,64.22232,121.58129,68.51605,71.72991,-98.30613,30.320387,97.32623,3.7014256,-75.1019,-28.55399,104.002144,-30.13837,46.937836,-115.67175,47.427025,154.59122,124.40344,60.498062,-17.096634,-0.6507492,253.17354,146.43353,190.06494,-77.610214,1.0204315
90.0,92.0,50.0,64.0,25.0,-137.77625,59.203835,90.48313,217.43546,97.0,79.36772,-154.6142,70.360634,-1.922842,-137.17528,24.077608,-23.738884,-0.87680244,65.896225,-9.005426,-36.761757,112.61408,-72.45424,106.79191,86.0,56.0,68.0,97.4565,30.454412,-14.994858,-37.99263,-53.772736,93.78854,40.517883,61.184124,39.59225,221.62117,127.900345,49.555374,-78.25887,-15.614536,157.96976,0.3951149,5.3420486,14.762997,16.716042,10.771575,-10.094067,-157.06403,33.640625,50.75133,-58.24877,-76.520615,3.0901375,233.08894,78.05813,156.67499,44.903625,69.39981,14.764843,45.151672,77.33811,-34.22458,44.779316,16.652275,106.1421,54.772118,12.509781,139.51474,-75.83957,68.92384,7.165247,260.0,59.5744,-53.174744,-125.165146,-120.00043,-26.12785,128.77045,95.24969,5.2019796,95.78326,42.31391,-22.124454,-3.126421,115.78873,-47.506607,-82.395935,-79.54165,40.36718,-2.0952835,239.41197,-46.801697,87.041214,-158.78459,-23.340065,132.56529,-52.001694,-55.214195,21.818195,29.696346,-121.69745,101.15915,-134.07462,115.11804,57.776203,90.18682,138.11578,17.190987,-40.408127,284.6524,88.77892,159.5689,-97.975296,-48.04815
34.03476,101.6214,-46.03263,10.701382,31.078152,-51.8879,31.085106,53.549065,245.62755,78.21672,7.9033175,-80.3109,40.12415,51.76502,-81.9489,24.266693,84.30313,-8.84062,123.03765,53.06878,42.11752,69.735245,-61.231674,146.0886,145.97159,13.639793,21.827026,31.985418,58.119312,39.702118,0.76153183,-37.871464,89.73754,-12.883648,57.835876,2.5869026,161.46306,120.75938,88.76617,-33.399796,-78.56805,158.57692,-23.151825,35.92517,-9.315649,25.385303,-48.386673,-55.5326,-52.01719,11.92371,115.388695,-37.890247,-4.912464,48.142456,177.587,85.34413,133.87936,74.3743,24.552214,-8.309832,49.868607,-19.993195,-38.83412,125.40895,62.32551,7.8110085,10.582812,-28.421722,70.77025,-14.103531,25.022762,15.75397,54.452328,74.36119,-3.1055279,-103.9891,-68.70952,10.302887,97.100845,114.80062,-25.727955,-48.354073,20.88501,-5.7357903,-53.472473,88.435684,27.815357,-60.55899,-86.74678,-34.142677,80.37918,174.80925,54.016537,82.03122,-92.5596,19.34642,111.42655,-25.373554,-84.01531,-6.129076,107.904755,-39.71501,43.466213,-95.35178,75.45918,111.32169,112.253586,53.079594,10.21151,-35.20852,284.4522,101.72608,141.71585,-121.30957,23.075462
30.73567,86.06593,-27.925663,11.149878,22.04636,-49.40564,13.409361,70.50342,262.72052,113.301315,3.3537388,-47.500916,44.445366,6.448557,-31.835072,-13.163071,91.56885,6.956993,123.90831,38.434464,6.1340446,23.406359,-67.836395,149.88446,125.18627,0.13213348,6.227189,49.92488,80.48475,5.565428,-1.5996971,-12.723145,123.307045,-11.785679,83.77721,37.962566,147.21277,102.919624,85.265976,0.15584373,-75.27816,166.2694,3.1128922,41.855537,20.661507,57.700134,1.2795353,-19.209332,-45.635437,10.585738,130.27563,3.9244804,6.4351273,6.38978,229.69365,75.58142,145.35304,33.709087,28.997149,7.704769,44.755318,-45.36994,-54.441,84.626434,43.970703,16.026077,25.878767,-65.69664,58.058983,-28.593609,39.848682,21.906185,90.49516,94.911194,15.396851,-79.972015,-69.67963,-13.435867,116.06612,76.673096,23.500387,-40.105217,11.910378,-19.453087,-83.74467,90.20958,-0.85842896,-46.029556,-33.93724,-65.26588,49.24647,216.41707,26.891342,52.966877,-148.53537,0.71777725,77.01509,-51.09926,-73.11523,-4.9105053,74.27161,-44.0963,67.48457,-148.57356,100.86587,112.94365,118.83988,80.95976,9.495368,-60.472702,262.38315,133.84216,149.69286,-98.13777,7.9234447
30.445564,82.11742,-43.98783,-10.795689,13.7013,-72.86061,59.100296,82.341515,283.69238,88.56961,-11.603764,-63.063255,62.664875,1.4186268,-78.99205,-20.103676,106.098785,-16.738857,113.866844,97.09932,-1.6046333,88.567535,-67.04913,160.93501,111.63854,-5.5110493,5.355343,56.82285,62.75256,51.789986,-14.149357,-29.384335,142.54779,-13.023403,79.164825,-9.872145,128.1124,62.144043,60.550636,-21.706501,-72.17258,148.91098,-41.693607,22.125305,6.9819937,99.85014,-27.400547,-68.44569,-134.71489,10.236563,88.76962,1.9724483,29.019104,-46.770607,217.82419,54.529675,133.37154,-6.182213,34.121624,5.6308594,48.94439,-8.546648,-60.269394,7.153781,63.864708,49.844215,-1.92482,-8.185001,60.22979,-21.453705,24.400667,-27.224384,80.173996,95.713554,77.81856,-86.46694,-93.93361,-1.8781357,82.24768,153.08005,-13.631073,-74.27831,10.015876,-48.742676,-82.74129,65.87315,51.996376,-60.11331,-34.484455,-79.5278,57.44481,182.47638,36.52157,57.074432,-128.90047,5.681713,73.90893,-5.383112,-88.38922,-20.131172,85.99465,-32.750282,21.279186,-44.512825,55.474995,131.657,104.53793,28.689075,-23.33725,1.4662724,233.20175,119.43833,107.721664,-93.329414,35.79636
90.0,100.0,45.0,63.3333,29.0,-144.15392,67.98455,139.44106,216.59348,99.0,118.8191,-113.30495,29.03793,12.794395,-131.68956,50.673656,-9.386578,-21.604717,93.5814,-5.8820286,-0.2028141,132.73082,-137.11252,114.42021,99.0,58.0,73.0,77.099625,59.678185,-30.439266,-51.15117,-74.442535,66.7879,86.12463,93.318016,43.1964,171.86914,106.4082,74.16672,-24.697155,-6.3910065,123.4278,-18.23954,38.159096,33.0764,13.032944,18.79578,-35.050438,-149.94006,-15.261063,24.81583,-70.7784,-31.480679,21.581522,245.12872,80.506256,132.13217,20.242107,77.993385,16.657028,92.87689,100.65343,-19.322361,87.612114,29.40017,108.44529,48.35601,51.1774,201.20897,-22.010918,78.75569,33.627228,195.0,76.35067,-28.131428,-141.00462,-129.5524,-28.105629,112.71755,105.22902,8.965366,117.31452,32.2752,1.3508797,14.256407,107.48237,-20.935246,-62.42045,-104.08332,40.24789,32.331276,221.6238,-68.12032,71.38371,-199.78017,7.093482,120.42731,-51.861496,-54.9927,-6.8378143,42.153084,-142.16072,49.52397,-112.59862,110.65233,83.84576,67.642166,179.15985,6.7804604,-40.096348,271.1006,80.61733,164.97353,-126.82057,-50.220062
23.570564,100.00798,-2.3252792,29.068798,15.104364,-51.63645,34.840576,62.51903,244.43369,85.391754,30.839514,-98.192184,45.342087,17.85263,-65.93519,20.45461,100.250206,-1.5444393,129.58199,93.392395,27.108215,64.371826,-63.361397,94.68042,131.41861,-1.8841934,25.061415,44.036133,82.23619,18.394386,-12.723961,-30.556213,105.306564,-28.666279,64.03905,-24.269497,110.79233,98.03719,80.441315,-19.713917,-65.30195,158.50491,-37.417088,-4.774765,5.055502,55.656563,7.65308,-42.10648,-56.90339,0.7734356,112.251755,-5.305622,19.351023,15.893395,201.37514,39.57812,189.4516,72.94159,41.916695,-11.365204,17.5654,-37.65483,-89.095215,103.2587,59.124794,34.87776,-10.650967,-41.735035,106.13818,-14.893482,-3.222395,14.4278345,71.04035,94.86701,-0.98285484,-58.59626,-67.45501,8.176857,94.25617,93.85734,35.57733,-15.932674,14.616922,7.120392,-83.2368,92.27164,23.320957,-51.1587,-15.92915,-34.34885,93.69421,150.13203,52.772427,85.88178,-135.08292,29.07582,91.01906,-29.092422,-83.85943,-39.87455,105.0246,-44.065994,34.88471,-90.682304,56.00048,142.44812,66.03153,79.92784,-5.7779045,-71.42961,251.65456,99.878426,175.03725,-107.30581,8.625731
32.832264,85.23648,-15.183144,13.142521,22.902094,-52.040085,32.007732,86.53264,267.42938,71.61416,-2.3788986,-104.30672,46.535896,-7.946512,-80.51789,7.1281366,107.598976,22.555225,115.06487,59.609104,10.35758,32.63184,-43.54241,129.85481,130.21407,1.5178452,22.474752,70.799194,85.80329,-2.969572,7.190133,-47.09945,136.20773,-36.80915,73.41194,8.510295,118.58226,85.06566,80.34914,-28.105606,-68.01334,149.28403,-37.603157,12.76439,-2.7675953,76.87242,-5.8501015,-46.437996,-106.68089,13.828514,100.01868,-27.255192,36.17625,-17.454819,154.90163,48.120834,155.17874,72.12164,-2.3339348,-8.766214,22.950626,-53.987434,-65.38049,87.352165,98.816055,51.77001,18.862637,-55.934235,97.728455,-32.71576,-29.349495,12.706406,96.259926,86.50744,13.490663,-75.67265,-80.82451,-23.676697,107.717155,85.73192,20.915815,-4.884596,4.2536564,2.9177418,-110.22261,108.49107,35.53159,-71.518814,-57.376938,-34.346825,107.19805,160.79947,61.655247,70.23167,-129.00798,4.5749884,110.531624,-31.830727,-63.36917,-24.277836,75.63644,-70.22743,46.097305,-114.885666,66.51023,143.67825,95.54539,58.83544,-27.487518,-66.86291,222.51802,88.11726,228.48851,-71.71124,7.6930037
15.212261,89.438416,13.851973,41.13375,13.604477,-40.387222,32.684418,61.28709,252.51468,93.21573,-16.877682,-101.55379,47.877472,-20.418354,-68.31566,-12.24641,95.55828,-2.2495003,120.06073,12.039123,55.226845,61.74458,-107.65939,130.72427,126.03288,-4.0005054,16.364632,59.197666,78.67449,33.543983,-5.921749,-8.599915,134.67932,-25.163326,33.500366,14.372818,94.341446,78.86224,77.0636,-31.638447,-113.87843,134.66266,-6.2241516,7.110341,1.9388142,61.50589,-45.67354,-32.513115,-109.509995,-10.060238,81.50087,-28.05957,41.46338,-8.848991,153.98723,58.68809,140.01895,22.468317,35.16449,-35.348087,17.126326,-76.23118,-60.39422,92.00189,85.83657,31.492096,-14.722897,-39.248497,121.549355,-42.85581,21.072071,0.93097305,65.9592,74.693794,-3.6600761,-96.31798,-53.960197,-8.455887,104.73173,135.492,-41.43087,-3.4081612,34.46305,-25.660587,-59.10283,82.50175,9.391597,-45.503197,-33.200638,-28.781773,92.98055,153.75449,73.114944,60.226803,-175.06926,60.556736,122.736046,-62.015717,-92.32621,-14.712574,36.835186,-82.58286,49.475067,-89.08872,45.759712,148.26425,116.98094,76.37928,-7.003208,-31.79882,246.67268,88.85574,181.05081,-114.98744,0.2294693
85.0,109.0,61.0,77.0,30.0,-99.43213,93.81732,76.66249,205.09016,98.0,176.84917,-61.968475,33.900047,-13.652782,-71.45567,13.797798,39.259422,13.29566,37.81335,-49.075012,-35.834507,89.35109,-112.15311,109.09125,92.0,83.0,87.0,22.385487,30.255547,4.44186,-75.956696,-55.764572,75.326324,188.60046,36.249252,47.751503,193.2342,137.67836,106.86939,31.905045,-49.171875,62.56832,20.50856,52.090633,12.452324,18.657131,-12.685791,9.055999,-115.27466,23.236633,-24.246655,-62.64734,-47.410126,6.5726986,161.51576,155.63983,17.710571,11.399996,107.094124,11.593356,103.07513,80.80441,21.728594,38.647186,40.867977,106.30026,26.745785,94.59776,142.12021,-60.966003,27.908377,-1.7683697,203.0,57.608917,-87.38079,-60.456047,-118.40994,-18.631569,110.1738,102.87,-38.852886,34.797737,80.9942,-11.889774,28.755482,76.38699,4.023962,-82.39763,-160.28003,37.844616,91.18698,199.82224,-120.20686,65.14911,-201.11963,5.722539,169.78346,-57.57892,-133.40729,-35.26169,70.7459,-84.38259,26.661375,-97.8077,99.62623,49.87581,138.54114,155.66551,58.43707,-100.16502,293.78778,145.23305,212.04997,-176.75604,-50.473663
19.205564,75.12538,-22.593647,40.815815,27.582088,-54.97796,40.932846,50.994095,267.75372,88.43967,48.88141,-76.47407,44.262184,14.354114,-100.44911,9.597597,106.32785,8.842806,117.84411,68.137955,8.14666,77.44002,-24.189594,156.19095,121.13457,7.9106236,23.505262,52.595173,64.37074,21.260351,-29.315731,-76.29158,149.25925,-55.192078,77.48164,-68.69837,149.43498,88.98705,67.24606,-23.633266,-71.379395,197.34563,9.435825,28.179089,12.967023,77.72278,-11.367331,-11.489563,-62.92514,26.573364,105.64304,-22.707493,19.300217,-0.42616844,220.15858,40.457954,163.8593,59.66644,27.1923,9.123096,52.80415,0.0768795,-54.972717,68.52542,68.92061,27.137264,-15.105724,-35.998928,76.269295,-22.297565,14.145071,-6.6560383,47.624306,84.90991,59.15627,-58.412888,-58.980507,-20.065952,119.4576,111.602516,-5.818737,-32.565063,-22.034,-6.239502,-62.701767,73.74417,-22.126915,-76.95497,-0.5884571,-34.555912,62.36358,165.2902,34.00383,56.9343,-112.15126,-21.89376,111.40458,-10.68532,-75.951935,-39.378204,91.14466,-51.43673,16.100462,-77.94407,83.91943,88.63224,88.05663,50.26673,-6.9404697,-15.8640175,281.15552,112.31951,211.31427,-109.258484,29.489395
24.05871,116.73617,27.321962,11.507245,16.80539,-36.58971,-7.3704414,42.153336,229.63193,98.0,33.589905,-44.24479,17.0,10.872178,-55.798767,16.635738,89.5488,-44.774277,117.81601,75.23839,19.895304,21.971914,-80.66011,155.20169,114.162964,24.802776,28.885391,45.633183,60.7446,56.6978,-17.922451,-68.2529,81.24852,-14.115913,5.0,-63.749924,168.77882,94.04542,11.0,-15.662601,-95.29533,109.72638,-55.49816,47.63872,7.408971,59.168674,15.243822,-12.918823,-76.949486,1.8300552,144.6727,-6.7648716,7.026002,19.633907,143.85065,79.10666,92.18787,97.64572,41.793194,6.6545477,94.29335,-44.95945,-63.16104,91.536064,95.27899,10.464504,35.283165,-2.6665287,113.1965,-0.62485313,68.76338,20.832502,88.14379,93.163864,40.769444,-79.2484,-102.77806,-21.946198,84.27977,127.73043,-19.205597,-12.589695,53.65039,17.876553,-51.412468,73.99118,-2.5512714,-44.599243,-26.416878,-39.63314,51.19593,170.35738,-8.681599,45.38082,-111.89662,6.024741,90.41675,-9.087328,-97.06038,-18.377048,49.968147,-53.31134,11.4200115,-94.38221,59.641922,115.28281,125.50714,76.184296,-15.582523,-61.870766,281.38684,118.230774,178.3521,-175.0193,29.200321
25.217306,94.105255,2.0979843,24.60236,21.400368,-27.60075,17.624947,99.98278,226.25578,70.67546,-18.746689,-97.94788,53.54177,-7.4286594,-59.034554,17.505968,100.57332,11.982669,118.842735,78.99974,10.984145,51.712738,-75.292305,120.28814,129.04068,17.43994,37.066376,64.30946,43.85308,33.620605,17.404491,19.949533,92.79478,0.53253937,59.682766,-9.673021,109.79626,109.88051,72.51753,-15.501698,-65.600845,140.07071,-25.34116,-12.851143,1.1851902,41.901077,-14.945183,-18.314335,-100.16968,-29.110973,99.781136,-40.677517,42.97853,-26.367607,166.17563,45.83973,155.53139,24.088835,54.32152,4.4459476,81.64938,-29.07602,-42.77356,76.93619,42.948257,4.685254,10.347137,-3.9333305,86.22883,-33.95315,43.45047,-3.2303295,87.152725,37.578583,26.680077,-89.94607,-82.86607,17.648952,68.70471,124.085175,-26.885036,27.704502,37.589928,-51.334938,-84.61729,53.083504,22.963491,-48.358116,-42.62397,-22.90591,51.7011,123.90709,24.640305,66.73486,-191.41273,10.111129,86.67229,-37.90747,-79.15428,-19.614826,73.62861,-34.370564,-22.337898,-86.34835,71.87552,135.12367,108.06604,46.159225,2.6799545,-10.087797,229.95822,81.30429,181.32878,-120.75246,11.739556
81.0,95.0,41.0,59.0,13.0,-101.13232,40.193314,69.99179,196.40575,98.0,163.54134,-75.74291,25.596207,-49.911194,-143.46135,41.69774,43.307125,-7.341053,28.03809,-38.328407,-8.179052,73.25806,-142.31306,50.911327,78.0,65.0,69.0,22.485075,-8.832979,37.478,-8.571751,-100.54988,94.54787,193.98303,31.164825,83.0841,166.85997,81.88634,72.14563,55.212452,-75.15328,101.86817,-26.653927,66.40466,59.7036,14.290474,-24.630291,23.1592,-109.92255,57.45818,1.0894356,-25.2425,-54.401466,24.847656,92.170044,137.2334,48.641037,30.225065,77.715225,-3.6693325,70.246155,64.57725,-26.01321,49.52095,65.01482,124.384705,43.644722,78.064514,144.16649,3.0398884,80.679794,26.550892,150.15266,83.312775,-27.257668,-44.878944,-84.10357,-44.622124,83.132576,119.11229,-1.1450005,104.38193,26.831894,-0.34053993,34.411263,73.6685,-26.46503,-60.25476,-129.1762,119.18822,62.581177,139.06783,-86.175476,86.95756,-178.12628,41.92731,170.01567,-17.102165,-70.38652,-1.3056297,53.0958,-98.306046,85.78832,-61.066246,122.965614,48.539116,116.12112,171.50635,4.1323776,-23.589134,314.33948,143.59811,197.15692,-151.62834,11.0
64.75605,69.31916,-14.104824,37.234818,14.757043,12.081085,57.465324,-0.22176361,155.97859,62.26503,-4.653076,-80.976654,46.43621,31.954643,-28.221512,24.0,-1.0,39.0,7.38,114.42097,126.0,66.07744,-17.389503,110.43681,114.84171,7.8050146,49.606117,39.0,15.406962,-1.0,1.22,-53.63079,115.41021,29.581608,74.85268,-30.259056,124.04308,112.79954,55.549667,2.5859509,-58.56481,126.61187,-66.93837,-3.098793,26.226097,37.543957,-8.448412,-17.740437,-38.476994,28.170368,107.366516,20.802177,-49.16313,-15.060005,184.78027,66.43526,121.28925,83.63557,63.918243,21.261456,67.06153,-30.010319,-53.656693,57.769054,66.79735,-17.642494,34.8,-47.31826,62.20485,-16.541973,15.344599,16.24917,123.0,3.8,0.5236759,-40.035675,-35.918575,35.66613,61.787086,105.95534,19.780987,15.62262,1.8458939,-1.3011265,-74.2341,13.197578,-2.1761856,-82.67092,-7.333824,-5.2141533,28.631645,152.44751,24.291634,52.891994,-139.98294,22.207987,103.84828,-38.54919,-87.862045,-23.416142,3.8,-28.279373,16.471552,-59.426796,121.07545,82.56909,65.740204,19.523685,-36.882347,-28.707626,251.99078,129.81877,136.06503,-84.53771,4.2386475
